0.999993 -0.00333538 -0.00148192 0.685482 0.00333159 0.999991 -0.0025953 -0.000932395 0.00149056 0.00259034 0.999996 0.0105705
0.999982 -0.00539389 -0.00265686 1.54357 0.00538847 0.999983 -0.00208989 0.0456268 0.00266808 0.00207553 0.999994 0.0332742
0.999965 -0.00745142 -0.00383376 2.40165 0.00744544 0.999971 -0.00158938 0.0921831 0.00384549 0.00156078 0.999991 0.0559761
0.999942 -0.00950738 -0.00501235 3.25952 0.00950208 0.999954 -0.00109391 0.138727 0.00502251 0.00104622 0.999987 0.0786715
0.99988 -0.0136167 -0.00737585 4.97565 0.0136163 0.999907 -0.000117522 0.231828 0.00737676 1.70693e-05 0.999973 0.124068
0.999795 -0.0177206 -0.00974647 6.6914 0.0177297 0.999843 0.00083893 0.324901 0.00973007 -0.00101156 0.999952 0.169449
0.999688 -0.0218211 -0.0121253 8.40767 0.0218444 0.99976 0.00177589 0.417994 0.0120836 -0.00204021 0.999925 0.214838
0.999626 -0.0238694 -0.0133174 9.26572 0.0239014 0.999712 0.00223689 0.464534 0.0132601 -0.00255436 0.999909 0.237528
0.999486 -0.0279619 -0.0157066 10.9816 0.0280147 0.999603 0.00314387 0.55759 0.0156124 -0.00358226 0.999872 0.282897
0.999346 -0.0319224 -0.0169888 12.6947 0.0319686 0.999486 0.00244394 0.649662 0.0169021 -0.00298546 0.999853 0.327085
0.999121 -0.0357164 -0.0219276 14.4234 0.0358385 0.999344 0.00519926 0.746089 0.0217275 -0.00598055 0.999746 0.374759
0.998955 -0.0389911 -0.0238614 16.1913 0.0392409 0.999179 0.0100857 0.853938 0.0234485 -0.0110115 0.999664 0.425721
0.998896 -0.0421322 -0.0207924 17.9943 0.0423486 0.999052 0.0100744 0.957975 0.0203482 -0.0109438 0.999733 0.478241
0.998767 -0.04504 -0.0209003 19.8175 0.0452512 0.998928 0.00973388 1.06462 0.0204395 -0.0106676 0.999734 0.526424
0.998683 -0.046994 -0.0206006 21.6595 0.0471629 0.998857 0.0077857 1.16999 0.0202112 -0.00874703 0.999758 0.575163
0.998752 -0.0470411 -0.0167846 22.5923 0.0472041 0.998841 0.0094462 1.22669 0.0163208 -0.0102267 0.999815 0.602235
0.998936 -0.0449478 -0.0103539 24.4701 0.0450459 0.998941 0.00943812 1.33321 0.00991874 -0.00989448 0.999902 0.653224
0.999039 -0.0423046 -0.0114954 26.3618 0.0424144 0.999055 0.0094696 1.43596 0.0110839 -0.00994807 0.999889 0.690339
0.998993 -0.0400551 -0.02024 28.2713 0.0402601 0.999141 0.009816 1.53687 0.0198294 -0.010621 0.999747 0.730963
0.999112 -0.0395995 -0.0143882 30.2141 0.0396852 0.999196 0.00571582 1.63192 0.0141503 -0.00628175 0.99988 0.778854
0.999085 -0.0416003 -0.00990465 32.1716 0.0415517 0.999124 -0.00506512 1.71952 0.0101067 0.00464893 0.999938 0.82049
0.998973 -0.0431982 -0.0136984 33.1507 0.0430904 0.999039 -0.00808004 1.7663 0.0140343 0.00748147 0.999874 0.836774
0.998719 -0.0466195 -0.0196818 35.1418 0.0464909 0.998895 -0.00695093 1.87898 0.0199841 0.00602699 0.999782 0.890918
0.998706 -0.0487113 -0.0145804 37.2402 0.0486612 0.998808 -0.00378455 2.00981 0.0147474 0.00307015 0.999887 0.999953
0.998633 -0.0510162 -0.0113526 39.3154 0.0509896 0.998696 -0.00263524 2.13943 0.0114722 0.00205278 0.999932 1.08789
0.998663 -0.0511377 -0.00751024 40.3512 0.0511156 0.998688 -0.00313107 2.20447 0.00766049 0.00274299 0.999967 1.12688
0.998654 -0.051552 -0.00573527 42.3947 0.0515726 0.998663 0.00346974 2.34896 0.00554872 -0.00376086 0.999978 1.18287
0.998623 -0.0514485 -0.0102486 44.4101 0.0515054 0.998659 0.00535931 2.48577 0.0099591 -0.0058798 0.999933 1.23154
0.998518 -0.0536774 -0.00895071 46.4101 0.0537094 0.998551 0.00336755 2.61184 0.00875697 -0.00384331 0.999954 1.29035
0.998446 -0.0548164 -0.0100819 48.3902 0.0548813 0.998473 0.00626628 2.75093 0.00972303 -0.00680985 0.99993 1.34891
0.998297 -0.0559581 -0.0164978 50.3488 0.0560816 0.998401 0.00711229 2.88858 0.0160735 -0.0080254 0.999839 1.39979
0.998342 -0.0566533 -0.0102074 52.3061 0.0566988 0.998383 0.00420896 3.01688 0.00995244 -0.00478073 0.999939 1.45958
0.998319 -0.0571283 -0.00972367 54.2391 0.0571302 0.998367 -8.58568e-05 3.14304 0.00971268 -0.000469808 0.999953 1.5075
0.998211 -0.0588677 -0.0104771 56.161 0.0588175 0.998256 -0.00503772 3.26218 0.0107553 0.00441247 0.999932 1.55096
0.998167 -0.060525 -0.000526957 58.0848 0.0605176 0.998123 -0.00939967 3.39014 0.00109487 0.00935054 0.999956 1.58539
0.998041 -0.0625584 -0.000812197 59.9772 0.0625519 0.998021 -0.00653202 3.53055 0.00121921 0.00646841 0.999978 1.61518
0.997764 -0.0651161 -0.0150397 61.8175 0.0650515 0.997871 -0.00474399 3.65478 0.0153165 0.00375503 0.999876 1.65054
0.99769 -0.0663427 -0.0146016 62.728 0.066355 0.997796 0.000352968 3.72753 0.014546 -0.00132104 0.999893 1.67438
0.997593 -0.0685604 -0.010367 64.5105 0.0686314 0.99762 0.00664644 3.86463 0.0098866 -0.00734194 0.999924 1.73215
0.997391 -0.0714021 -0.0105825 66.2348 0.0714899 0.997408 0.00815054 3.99838 0.00997311 -0.00888582 0.999911 1.77787
0.997179 -0.0745108 -0.00906082 67.9068 0.0745949 0.99717 0.00932835 4.13152 0.00834011 -0.00997793 0.999916 1.82538
0.996982 -0.0773731 -0.00626998 69.5282 0.0774395 0.996935 0.0111218 4.26431 0.00539023 -0.0115738 0.999919 1.86615
0.996759 -0.0804478 -9.36408e-05 71.1003 0.0804397 0.996639 0.015485 4.39667 -0.00115242 -0.0154424 0.99988 1.90626
0.996627 -0.0819786 -0.0036747 71.8529 0.0820329 0.996459 0.0184511 4.46587 0.00214908 -0.0186903 0.999823 1.92762
0.996475 -0.0831581 -0.0110855 72.5842 0.0833594 0.996336 0.0191249 4.5313 0.00945448 -0.0199816 0.999756 1.94884
0.996189 -0.0850914 -0.0191481 73.9926 0.0854474 0.996169 0.0186043 4.66044 0.0174917 -0.0201696 0.999644 1.98813
0.996178 -0.0858301 -0.0162247 74.6694 0.0861618 0.99606 0.0209854 4.72673 0.0143596 -0.0223031 0.999648 2.01552
0.995959 -0.0884508 -0.0155308 75.9576 0.0887433 0.995868 0.0192804 4.84262 0.0137613 -0.0205807 0.999694 2.0747
0.995868 -0.0886526 -0.0196661 76.5708 0.0888887 0.995976 0.0114722 4.88829 0.0185699 -0.0131729 0.999741 2.09852
0.996045 -0.0850062 -0.0258659 77.7463 0.0852445 0.996326 0.00824521 4.99048 0.02507 -0.0104175 0.999631 2.15039
0.996437 -0.0810822 -0.0232125 78.3163 0.0814208 0.996581 0.0140294 5.04623 0.0219956 -0.0158694 0.999632 2.17769
0.9979 -0.0638226 -0.0110692 79.9458 0.0638785 0.997947 0.00475841 5.14249 0.0107428 -0.00545551 0.999927 2.25186
0.99917 -0.0389663 -0.0118906 80.9594 0.0391164 0.999155 0.0126477 5.20245 0.0113877 -0.0131023 0.999849 2.29076
0.999716 -0.0210509 -0.0111753 81.4478 0.0212474 0.999617 0.0177513 5.22128 0.0107974 -0.0179837 0.99978 2.30791
0.999633 0.0255748 -0.00895353 82.3839 -0.0254522 0.999584 0.0135453 5.19525 0.00929622 -0.0133125 0.999868 2.33891
0.996252 0.0863511 -0.00501065 83.2826 -0.0862875 0.996201 0.0117271 5.11334 0.00600425 -0.0112508 0.999919 2.36914
0.986599 0.163134 -0.00303973 84.1476 -0.163088 0.98654 0.0118894 4.96595 0.00493838 -0.0112344 0.999925 2.39221
0.978322 0.207075 -0.00232366 84.5632 -0.207035 0.978265 0.0116275 4.86278 0.00468091 -0.0108943 0.99993 2.40435
0.951992 0.306094 -0.00422291 85.3478 -0.306004 0.951916 0.0148009 4.59482 0.00855033 -0.0127982 0.999882 2.43272
0.909359 0.415972 -0.00576081 86.0644 -0.415846 0.909302 0.0155864 4.23873 0.0117218 -0.011778 0.999862 2.44921
0.849111 0.528138 -0.00893554 86.7017 -0.527998 0.849127 0.0142165 3.79781 0.0150957 -0.00735344 0.999859 2.46296
0.774771 0.632188 -0.0082178 87.2641 -0.632089 0.774805 0.011896 3.28635 0.0138877 -0.00402234 0.999896 2.48589
0.644491 0.764586 -0.00630061 87.9696 -0.764543 0.644521 0.00816131 2.39186 0.0103009 -0.00044281 0.999947 2.50243
0.553555 0.832752 -0.00999694 88.3388 -0.832744 0.553624 0.00613445 1.73831 0.010643 0.00492913 0.999931 2.51531
0.463161 0.88626 -0.00497296 88.6598 -0.886199 0.463188 0.0104444 1.0537 0.0115599 -0.000430406 0.999933 2.52698
0.38316 0.923403 -0.0227133 88.8871 -0.923638 0.383265 0.000286501 0.324738 0.00896977 0.0208691 0.999742 2.53131
0.316185 0.948344 -0.0258887 89.0935 -0.948669 0.316271 -0.00081291 -0.418703 0.00741692 0.0248168 0.999665 2.53819
0.285559 0.958219 -0.0164828 89.2041 -0.9583 0.285693 0.00643149 -0.790802 0.0108718 0.0139589 0.999844 2.55022
0.208462 0.977867 -0.0178936 89.4372 -0.977887 0.20871 0.0132905 -1.97609 0.0167309 0.0147274 0.999752 2.58331
0.168536 0.985218 -0.0306856 89.5409 -0.985199 0.169358 0.0264854 -2.82298 0.0312907 0.0257677 0.999178 2.56873
0.135598 0.99047 -0.0241346 89.6552 -0.990413 0.136159 0.0233136 -3.73312 0.0263775 0.0207419 0.999437 2.59454
0.10764 0.993874 -0.0250676 89.7302 -0.993996 0.108084 0.0170584 -4.69398 0.0196633 0.0230809 0.99954 2.6277
0.095765 0.994994 -0.0285584 89.7554 -0.99523 0.0962455 0.015945 -5.19253 0.0186138 0.0268952 0.999465 2.63845
0.0765945 0.996486 -0.0339007 89.7991 -0.996873 0.0771991 0.0168972 -6.23547 0.019455 0.0325004 0.999282 2.66149
0.0646235 0.997223 -0.0370148 89.8393 -0.997699 0.0653276 0.0181362 -7.34498 0.020504 0.0357576 0.99915 2.68099
0.0582501 0.997605 -0.0373047 89.8595 -0.998076 0.058992 0.0191013 -7.92809 0.0212563 0.0361203 0.999121 2.68848
0.0499797 0.997898 -0.041253 89.886 -0.998532 0.0507897 0.0188215 -9.15136 0.0208772 0.0402517 0.998972 2.70791
0.0433168 0.998105 -0.0437032 89.9039 -0.998867 0.0441291 0.0177947 -10.4466 0.0196896 0.0428829 0.998886 2.72916
0.0419521 0.997763 -0.052052 89.9094 -0.998935 0.0428904 0.0170418 -11.8071 0.0192363 0.0512816 0.998499 2.74833
0.0436018 0.997582 -0.0541236 89.9175 -0.998864 0.044573 0.0168681 -12.5138 0.0192397 0.0533266 0.998392 2.75852
0.0503626 0.99707 -0.0575805 89.9452 -0.998534 0.0514148 0.0169375 -13.9773 0.0198484 0.0566431 0.998197 2.78222
0.0581352 0.996559 -0.0590776 89.9993 -0.998161 0.059043 0.0137334 -15.5066 0.0171743 0.0581705 0.998159 2.81674
0.0663318 0.996268 -0.0552269 90.0805 -0.997698 0.0670073 0.0104653 -17.0897 0.0141268 0.0544056 0.998419 2.84781
0.0735061 0.995985 -0.0510933 90.1789 -0.997126 0.0743387 0.0145857 -18.6971 0.0183253 0.0498743 0.998587 2.88511
0.074714 0.996138 -0.046107 90.2359 -0.996911 0.0757343 0.0207888 -19.5059 0.0242004 0.0444114 0.99872 2.90558
0.0743743 0.996378 -0.0412297 90.3408 -0.996861 0.0754092 0.0241353 -21.1387 0.0271569 0.0393052 0.998858 2.95509
0.0742284 0.996485 -0.0388238 90.4421 -0.996958 0.0750786 0.020915 -22.7765 0.0237563 0.0371533 0.999027 3.01784
0.0741257 0.996636 -0.0349675 90.5374 -0.996999 0.0748474 0.0197957 -24.4113 0.0223463 0.0333951 0.999192 3.0825
0.0741758 0.996716 -0.0324867 90.5879 -0.996979 0.074869 0.0206597 -25.2245 0.0230241 0.0308561 0.999259 3.1126
0.0702344 0.997175 -0.0266211 90.6877 -0.997247 0.0708261 0.0219717 -26.8486 0.0237952 0.0250046 0.999404 3.17217
0.0616756 0.997868 -0.0213538 90.7762 -0.997905 0.0620689 0.018268 -28.4735 0.0195545 0.0201823 0.999605 3.23414
0.0554408 0.998281 -0.0189938 90.8115 -0.998318 0.055746 0.0159245 -29.2862 0.0169559 0.018079 0.999693 3.26398
0.0392768 0.999077 -0.0173719 90.8576 -0.999079 0.039566 0.0166228 -30.8981 0.0172948 0.016703 0.999711 3.31726
0.029152 0.999418 -0.0177061 90.865 -0.999416 0.0294585 0.0172993 -31.7008 0.0178108 0.0171914 0.999694 3.34179
0.00814129 0.999815 -0.0174071 90.8593 -0.999854 0.00840138 0.014914 -33.2932 0.0150575 0.0172831 0.999737 3.39323
-0.00302021 0.999828 -0.0183109 90.8418 -0.999897 -0.00276251 0.0140792 -34.0865 0.0140262 0.0183515 0.999733 3.41486
-0.0252955 0.99951 -0.0184151 90.7818 -0.999582 -0.02503 0.0145079 -35.6544 0.0140399 0.0187744 0.999725 3.45782
-0.0361166 0.999188 -0.0178835 90.7405 -0.999237 -0.0358407 0.0155136 -36.4308 0.01486 0.0184302 0.99972 3.47873
-0.0561732 0.998241 -0.0189724 90.6331 -0.998292 -0.05585 0.017147 -37.9599 0.0160572 0.0199032 0.999673 3.51961
-0.065843 0.997641 -0.0193975 90.567 -0.997698 -0.0655059 0.017527 -38.7127 0.0162151 0.0205069 0.999658 3.54157
-0.084105 0.996236 -0.0209845 90.4179 -0.996337 -0.0837496 0.0172726 -40.1946 0.0154501 0.0223603 0.999631 3.58345
-0.0916249 0.995539 -0.0224982 90.3338 -0.995697 -0.0912782 0.0159777 -40.9239 0.0138528 0.0238654 0.999619 3.60463
-0.101047 0.994473 -0.0285076 90.1545 -0.994834 -0.10072 0.012705 -42.356 0.00976355 0.0296442 0.999513 3.64582
-0.103986 0.994113 -0.0304448 90.0652 -0.994545 -0.103681 0.0114076 -43.0582 0.00818389 0.031465 0.999471 3.66265
-0.106862 0.993778 -0.0313951 89.8929 -0.994247 -0.106574 0.0107288 -44.4179 0.00731617 0.032361 0.999449 3.69434
-0.106324 0.993807 -0.0322971 89.8084 -0.994296 -0.10599 0.0118849 -45.0736 0.00838812 0.0333766 0.999408 3.70915
-0.0989375 0.99453 -0.0334826 89.6561 -0.995037 -0.0985164 0.014005 -46.3337 0.0106298 0.034702 0.999341 3.73908
-0.091445 0.995267 -0.0328813 89.5944 -0.995744 -0.0910078 0.0145571 -46.9358 0.0114958 0.0340725 0.999353 3.75497
-0.0675631 0.997206 -0.0318555 89.4973 -0.997632 -0.0671104 0.0150678 -48.0841 0.0128879 0.032798 0.999379 3.78936
-0.0307483 0.99908 -0.0299068 89.4579 -0.999362 -0.0301847 0.0191116 -49.1633 0.0181913 0.0304753 0.99937 3.82723
0.0206292 0.999412 -0.0273989 89.4748 -0.999479 0.0212961 0.0242685 -50.2161 0.0248377 0.026884 0.99933 3.86862
0.0528981 0.998247 -0.0265573 89.5069 -0.998267 0.0535486 0.0244078 -50.7383 0.0257871 0.0252201 0.999349 3.88932
0.131383 0.991011 -0.0252244 89.6328 -0.99108 0.131881 0.0192111 -51.7675 0.022365 0.0224754 0.999497 3.93402
0.223013 0.974629 -0.0190819 89.8552 -0.974688 0.223258 0.01183 -52.7671 0.0157901 0.0159607 0.999748 3.98082
0.326898 0.944936 -0.0152604 90.1822 -0.94494 0.327071 0.0106495 -53.7083 0.0150544 0.0109388 0.999827 4.02481
0.383534 0.92333 -0.0190802 90.3763 -0.923357 0.383778 0.0112614 -54.1538 0.0177205 0.0132987 0.999755 4.04409
0.500749 0.865131 -0.0282558 90.8443 -0.865077 0.501311 0.0181499 -54.9765 0.029867 0.0153549 0.999436 4.08412
0.613225 0.78935 -0.0296788 91.4274 -0.788954 0.613898 0.0260859 -55.7059 0.0388107 0.0074187 0.999219 4.12283
0.714685 0.698652 -0.033322 92.0981 -0.69819 0.715446 0.0258658 -56.349 0.0419113 0.00477919 0.99911 4.16848
0.80218 0.596492 -0.0265342 92.8534 -0.59623 0.802618 0.0177303 -56.8936 0.0318727 0.0015976 0.999491 4.22223
0.871482 0.490143 -0.0166923 93.6836 -0.490007 0.87164 0.0117287 -57.3314 0.0202984 -0.00204206 0.999792 4.26956
0.898029 0.439798 -0.0110188 94.1218 -0.439679 0.898079 0.0116628 -57.5152 0.015025 -0.00562883 0.999871 4.29236
0.935403 0.353572 -0.00291968 95.035 -0.35346 0.935261 0.0187727 -57.8159 0.00936818 -0.0165281 0.99982 4.32236
0.957845 0.287252 -0.00440452 95.9731 -0.287053 0.957573 0.0255962 -58.0653 0.0115702 -0.0232528 0.999663 4.33349
0.968701 0.248126 -0.00716503 96.9289 -0.24798 0.968618 0.0169101 -58.3125 0.011136 -0.0146041 0.999831 4.35572
0.974184 0.225687 -0.0055759 97.9304 -0.225475 0.973906 0.02585 -58.5286 0.0112644 -0.0239254 0.99965 4.36583
0.975593 0.219522 -0.00535357 98.4455 -0.219235 0.975119 0.0328375 -58.6326 0.0124289 -0.0308624 0.999446 4.37422
0.976382 0.215837 -0.0096158 99.5024 -0.215279 0.975688 0.0410871 -58.8573 0.0182501 -0.0380467 0.999109 4.40554
0.975874 0.217975 -0.0125369 100.044 -0.21732 0.975263 0.0404179 -58.9824 0.0210368 -0.0367183 0.999104 4.42212
0.973726 0.226316 -0.0252761 101.152 -0.225275 0.973538 0.0384097 -59.2496 0.0333 -0.0317064 0.998942 4.44811
0.972739 0.230705 -0.0235393 101.733 -0.229567 0.972338 0.0430965 -59.3815 0.0328308 -0.0365178 0.998794 4.46871
0.970421 0.240986 -0.0144423 102.931 -0.240161 0.969736 0.043986 -59.6699 0.0246052 -0.0392165 0.998928 4.51582
0.968768 0.247916 -0.00503265 104.169 -0.247573 0.968172 0.0367483 -59.9972 0.013983 -0.0343546 0.999312 4.55959
0.967964 0.251046 -0.00471803 104.8 -0.25077 0.967505 0.032387 -60.1661 0.0126954 -0.0301663 0.999464 4.57561
0.967777 0.251378 -0.0147446 106.081 -0.250911 0.96761 0.0278227 -60.5131 0.021261 -0.0232266 0.999504 4.60837
0.968235 0.248656 -0.0262921 107.409 -0.247765 0.968258 0.0330153 -60.8523 0.0336669 -0.0254524 0.999109 4.6443
0.968964 0.246146 -0.0228043 108.099 -0.245379 0.968902 0.0319174 -61.0287 0.0299514 -0.0253311 0.99923 4.66618
0.970268 0.241852 -0.00940402 109.522 -0.24152 0.970005 0.027529 -61.3902 0.0157799 -0.0244392 0.999577 4.72206
0.971136 0.238214 -0.0122404 110.975 -0.237641 0.970671 0.0364022 -61.7331 0.0205529 -0.0324426 0.999262 4.76365
0.971901 0.234736 -0.0175346 111.714 -0.23396 0.971512 0.0377694 -61.9112 0.0259009 -0.0326057 0.999133 4.78207
0.973696 0.226944 -0.0202955 113.233 -0.226157 0.973459 0.0350718 -62.2737 0.0277161 -0.0295593 0.999179 4.82989
0.974544 0.223317 -0.0198626 114.009 -0.222658 0.97441 0.0308233 -62.4584 0.0262377 -0.0256161 0.999327 4.85902
0.975427 0.219793 -0.0152804 115.608 -0.219354 0.975295 0.026156 -62.827 0.0206518 -0.0221615 0.999541 4.9138
0.975756 0.218437 -0.01361 117.237 -0.218122 0.975686 0.0214687 -63.2001 0.0179686 -0.0179796 0.999677 4.96393
0.97563 0.218951 -0.0143403 118.057 -0.218536 0.975482 0.0260117 -63.3775 0.019684 -0.0222439 0.999559 4.98942
0.975255 0.2205 -0.0160113 119.712 -0.219734 0.974751 0.0397252 -63.7332 0.0243664 -0.035224 0.999082 5.03849
0.97401 0.226281 -0.0100609 121.391 -0.225519 0.972953 0.0500288 -64.0965 0.0211093 -0.0464596 0.998697 5.09824
0.973433 0.228732 -0.0104522 122.23 -0.227939 0.972365 0.0504981 -64.2918 0.0217139 -0.0467741 0.99867 5.12725
0.972683 0.231689 -0.0144177 123.926 -0.230887 0.972014 0.0433635 -64.6938 0.024061 -0.0388501 0.998955 5.16914
0.97258 0.232006 -0.0161789 124.775 -0.231302 0.972189 0.0367148 -64.9025 0.024247 -0.0319658 0.999195 5.19189
0.972236 0.233417 -0.0165512 125.623 -0.232742 0.971907 0.0350366 -65.1046 0.0242643 -0.0302117 0.999249 5.21776
0.971874 0.235354 -0.00827516 127.328 -0.234858 0.971222 0.0396218 -65.4965 0.0173622 -0.0365639 0.999181 5.26435
0.970996 0.238104 -0.021754 129.805 -0.237137 0.970669 0.0395875 -66.1172 0.0305419 -0.0332806 0.998979 5.35795
0.970733 0.237726 -0.0341022 130.614 -0.236526 0.970967 0.035766 -66.3358 0.0416146 -0.0266532 0.998778 5.393
0.971864 0.235411 -0.00792263 132.284 -0.23511 0.971565 0.0280031 -66.7614 0.0142896 -0.0253526 0.999577 5.47271
0.972359 0.233429 0.00532169 133.929 -0.233487 0.971981 0.0271475 -67.1752 0.00116443 -0.0276397 0.999617 5.53028
0.972675 0.231465 -0.0180875 135.522 -0.230716 0.972351 0.0361039 -67.5795 0.0259442 -0.0309443 0.999184 5.54541
0.973758 0.226929 -0.0172853 137.135 -0.226309 0.973532 0.0319352 -67.9822 0.0240749 -0.0271854 0.999341 5.59704
0.974519 0.22349 -0.019091 137.936 -0.222833 0.974347 0.0315089 -68.17 0.0256431 -0.026452 0.999321 5.61094
0.976261 0.215722 -0.0194506 139.532 -0.214927 0.97595 0.0364426 -68.5304 0.0268443 -0.031397 0.999147 5.64134
0.976703 0.213663 -0.0199705 140.331 -0.212675 0.976186 0.0427798 -68.7017 0.0286354 -0.0375359 0.998885 5.65878
0.977544 0.210343 -0.0127629 141.932 -0.209629 0.976837 0.0429666 -69.0573 0.0215049 -0.0393263 0.998995 5.70635
0.977828 0.20904 -0.0124348 142.726 -0.208366 0.977161 0.041717 -69.2352 0.0208713 -0.0382011 0.999052 5.7299
0.979145 0.202132 -0.0204256 144.301 -0.201335 0.978877 0.0355584 -69.5823 0.0271817 -0.0307044 0.999159 5.77018
0.981786 0.189021 -0.0191774 145.895 -0.188379 0.981604 0.0310927 -69.8996 0.0247018 -0.0269138 0.999333 5.82061
0.983084 0.182847 -0.0106266 146.701 -0.182478 0.982783 0.0289932 -70.0496 0.0157449 -0.0265637 0.999523 5.84894
0.984655 0.17449 0.0026996 148.308 -0.174488 0.984164 0.0312312 -70.3171 0.00279267 -0.0312231 0.999509 5.88385
0.986486 0.163413 -0.0118669 149.887 -0.162911 0.986013 0.0351991 -70.5707 0.0174529 -0.0327902 0.99931 5.90837
0.98845 0.150325 -0.0192254 151.488 -0.149693 0.988249 0.0309242 -70.8202 0.0236482 -0.0276891 0.999337 5.93886
0.990732 0.135038 -0.0146745 153.115 -0.134295 0.989993 0.0433369 -71.0244 0.0203798 -0.0409646 0.998953 5.98855
0.992878 0.116809 -0.0234197 154.729 -0.115682 0.992278 0.0447516 -71.2252 0.0284662 -0.0417237 0.998724 6.02292
0.994786 0.100854 -0.0151541 156.373 -0.10003 0.993838 0.0477425 -71.3882 0.0198758 -0.0459777 0.998745 6.06108
0.996354 0.0851361 -0.00557232 158.023 -0.0847523 0.995142 0.0500879 -71.5169 0.00980953 -0.049433 0.998729 6.10173
0.997219 0.0743323 -0.00543738 159.666 -0.0739741 0.996033 0.0494527 -71.6348 0.00909173 -0.0489129 0.998762 6.13558
0.99748 0.0700316 -0.0113828 160.483 -0.0693263 0.996152 0.0536255 -71.6826 0.0150945 -0.0527013 0.998496 6.15375
0.997738 0.0641013 -0.0202608 162.118 -0.0627448 0.996122 0.0616829 -71.757 0.0241362 -0.0602721 0.99789 6.18193
0.998282 0.0583686 -0.00505293 163.792 -0.057914 0.996175 0.0654362 -71.8324 0.00885301 -0.0650312 0.997844 6.20936
0.99874 0.0501833 0.000869859 165.451 -0.0501351 0.996668 0.064346 -71.9055 0.00236212 -0.0643085 0.997927 6.23229
0.999399 0.0315066 -0.0144821 167.91 -0.0307093 0.998158 0.0523262 -72.0021 0.016104 -0.05185 0.998525 6.24669
0.999851 0.0164796 -0.00524481 169.58 -0.0162187 0.998793 0.0463718 -72.0351 0.00600266 -0.0462799 0.998911 6.269
0.999987 0.00452041 -0.00238141 171.264 -0.00443823 0.999432 0.0334157 -72.0584 0.00253111 -0.0334047 0.999439 6.28362
0.999802 -0.00868195 -0.017925 172.929 0.0090805 0.999711 0.0222664 -72.0569 0.0177265 -0.0224248 0.999591 6.29788
0.999548 -0.0159073 -0.0255078 173.761 0.0161756 0.999816 0.0103418 -72.0606 0.0253386 -0.0107497 0.999621 6.30909
0.999615 -0.0273045 -0.00494857 175.472 0.0274095 0.99937 0.0225401 -71.9991 0.00433 -0.0226671 0.999734 6.33953
0.999343 -0.0361832 0.00212799 177.171 0.0361074 0.998935 0.0287381 -71.9202 -0.00316557 -0.0286424 0.999585 6.36171
0.999244 -0.0379487 -0.00837967 178.008 0.0381824 0.998828 0.0297412 -71.8792 0.0072412 -0.0300387 0.999523 6.36504
0.998852 -0.0423208 -0.0224524 179.692 0.0431978 0.998261 0.0401264 -71.7809 0.0207152 -0.0410502 0.998942 6.3854
0.998906 -0.0457339 -0.0097966 181.41 0.0460444 0.998353 0.0342163 -71.7075 0.00821561 -0.0346299 0.999367 6.42218
0.998959 -0.0454767 -0.00353929 182.273 0.0455753 0.998304 0.036214 -71.6585 0.00188638 -0.0363376 0.999338 6.44186
0.998721 -0.0490596 -0.0122607 183.976 0.0494526 0.998194 0.03411 -71.5721 0.0105651 -0.0346727 0.999343 6.47671
0.998159 -0.0537597 -0.0280928 185.668 0.0541208 0.998459 0.0122518 -71.5122 0.0273909 -0.0137496 0.99953 6.51373
0.998208 -0.0549193 -0.0237722 186.528 0.0552568 0.998377 0.0137713 -71.4637 0.0229773 -0.0150602 0.999623 6.53926
0.998318 -0.0560997 -0.0146456 187.39 0.0563754 0.998226 0.0191405 -71.407 0.0135458 -0.019934 0.99971 6.56993
0.998191 -0.0587664 -0.0127038 189.078 0.0590084 0.998065 0.0195873 -71.3054 0.0115281 -0.0203015 0.999727 6.61415
0.998037 -0.0589014 -0.0212767 190.752 0.0594536 0.997884 0.0263237 -71.1981 0.0196811 -0.027537 0.999427 6.64983
0.99809 -0.0593198 -0.0172446 191.593 0.0598127 0.99777 0.029618 -71.1415 0.0154492 -0.0305929 0.999413 6.67311
0.998102 -0.0604713 -0.0116662 193.265 0.0608591 0.997483 0.0363882 -71.0296 0.00943635 -0.0370291 0.99927 6.71503
0.998006 -0.0615187 -0.0141026 194.921 0.0620228 0.997327 0.0386293 -70.9119 0.0116884 -0.0394269 0.999154 6.75034
0.997751 -0.0635634 -0.0212899 196.546 0.0644053 0.99706 0.0415091 -70.7917 0.0185888 -0.0427869 0.998911 6.77749
0.99808 -0.0577141 -0.0224872 197.963 0.0586119 0.997416 0.0415478 -70.705 0.0200312 -0.0427861 0.998884 6.79868
0.998237 -0.05469 -0.0230822 198.669 0.0556152 0.997588 0.0415489 -70.662 0.0207542 -0.0427593 0.99887 6.80923
0.998521 -0.0486417 -0.0242716 200.081 0.049622 0.997903 0.0415621 -70.5761 0.022199 -0.042705 0.998841 6.83033
0.998649 -0.0456161 -0.0248663 200.787 0.0466239 0.998047 0.0415743 -70.5331 0.0229212 -0.0426775 0.998826 6.84088
0.998877 -0.0395636 -0.0260553 202.2 0.0406266 0.998308 0.0416099 -70.4472 0.024365 -0.0426217 0.998794 6.86198
0.999067 -0.0335093 -0.0272439 203.612 0.0346274 0.998532 0.0416604 -70.3611 0.0258079 -0.042565 0.99876 6.88307
0.999148 -0.0304816 -0.0278379 204.319 0.0316275 0.99863 0.0416913 -70.3182 0.026529 -0.0425362 0.998743 6.89362
0.99928 -0.0244264 -0.0290251 205.731 0.0256279 0.998799 0.0417643 -70.2321 0.0279701 -0.042478 0.998706 6.91471
0.999375 -0.0183709 -0.0302113 207.143 0.019628 0.998931 0.0418521 -70.1461 0.0294101 -0.0424189 0.998667 6.93579
0.99951 -0.00840917 -0.0301658 208.505 0.009666 0.999081 0.041762 -70.083 0.0297869 -0.0420331 0.998672 6.96166
0.999696 -0.00261549 -0.0245096 209.153 0.00355615 0.999256 0.03841 -70.079 0.0243908 -0.0384855 0.998962 6.98158
0.999816 0.0123035 -0.0147352 211.073 -0.0119249 0.999604 0.0255004 -70.1061 0.0150431 -0.02532 0.999566 7.04596
0.999809 0.0134447 -0.0141665 211.71 -0.0130377 0.999511 0.0284375 -70.1095 0.0145419 -0.0282474 0.999495 7.06067
0.999872 0.0124156 -0.010054 213.005 -0.01212 0.999508 0.0289473 -70.1201 0.0104085 -0.0288218 0.99953 7.08408
0.999861 0.0126325 -0.0108583 214.313 -0.0122046 0.99918 0.0386051 -70.1074 0.0113371 -0.0384672 0.999196 7.10317
0.999548 0.0101578 -0.0283113 215.615 -0.00893781 0.99904 0.0428849 -70.0955 0.0287197 -0.0426125 0.998679 7.12468
0.999582 0.00267187 -0.0287907 216.951 -0.00160289 0.999311 0.0370864 -70.0975 0.02887 -0.0370247 0.998897 7.14787
0.999977 -0.00586327 -0.00341455 218.329 0.00600018 0.999119 0.0415445 -70.0656 0.00316795 -0.0415641 0.999131 7.19034
0.999878 -0.0155624 0.00117156 220.376 0.0155088 0.9992 0.036868 -70.0305 -0.00174438 -0.0368454 0.999319 7.21529
0.999776 -0.0195096 -0.00817648 221.029 0.0197869 0.999181 0.0353093 -70.0358 0.0074809 -0.0354632 0.999343 7.2375
0.999676 -0.0250054 -0.00469233 223.05 0.0250614 0.999611 0.0122578 -70.0794 0.00438398 -0.0123714 0.999914 7.29961
0.99961 -0.0277081 -0.00361887 224.412 0.0277311 0.999595 0.00641246 -70.0812 0.00343972 -0.00651031 0.999973 7.35841
0.999493 -0.0300005 -0.0106641 225.771 0.0299212 0.999524 -0.00752677 -70.0867 0.0108848 0.00720387 0.999915 7.40591
0.999493 -0.0316417 -0.00345775 227.147 0.0315998 0.999434 -0.0115875 -70.0713 0.00382243 0.0114723 0.999927 7.4496
0.999467 -0.0326371 -0.000346007 227.832 0.0326305 0.999392 -0.0122796 -70.0628 0.000746559 0.0122617 0.999925 7.4717
0.999417 -0.0330438 -0.00861502 229.184 0.0328996 0.999324 -0.0163993 -70.0401 0.00915108 0.0161063 0.999828 7.50492
0.99914 -0.033587 -0.0243152 230.512 0.0331634 0.999295 -0.0176244 -70.009 0.02489 0.0168029 0.999549 7.53764
0.999291 -0.0331152 -0.0178932 231.827 0.0328365 0.999338 -0.0156559 -69.9725 0.0183998 0.0150572 0.999717 7.58564
0.999409 -0.0340606 -0.00465467 233.1 0.0339708 0.999257 -0.0182034 -69.9458 0.00527123 0.0180346 0.999824 7.63088
0.999317 -0.0369222 0.00176693 234.308 0.0369487 0.999146 -0.0184798 -69.9125 -0.00108312 0.0185325 0.999828 7.65853
0.999129 -0.0416764 0.00228423 234.879 0.0417202 0.998825 -0.0246669 -69.9041 -0.00125353 0.0247407 0.999693 7.66645
0.998195 -0.0599755 -0.00311719 235.959 0.059843 0.997678 -0.0325142 -69.8639 0.00506 0.032269 0.999467 7.67715
0.99725 -0.0738095 -0.00664366 236.481 0.0735476 0.996728 -0.0335343 -69.828 0.00909707 0.0329535 0.999415 7.68008
0.990398 -0.13816 -0.00493289 238.007 0.137887 0.989757 -0.0369927 -69.654 0.00999328 0.0359573 0.999303 7.68576
0.986199 -0.165553 -0.00201725 238.502 0.16537 0.985553 -0.0365953 -69.566 0.00804657 0.0357566 0.999328 7.69043
0.980334 -0.197345 -0.000601096 238.99 0.197176 0.979613 -0.0384754 -69.4666 0.00818177 0.0376002 0.999259 7.69787
0.962373 -0.27162 -0.007796 239.914 0.271231 0.961946 -0.0330625 -69.1989 0.0164797 0.0297039 0.999423 7.71189
0.933736 -0.357665 -0.0146051 240.783 0.357242 0.933667 -0.0254026 -68.847 0.0227219 0.0185018 0.999571 7.71836
0.892778 -0.449763 -0.0256849 241.573 0.449841 0.893104 -0.00298779 -68.395 0.0242831 -0.0088867 0.999666 7.74059
0.867223 -0.496925 -0.0314727 241.937 0.497407 0.867466 0.00943782 -68.1386 0.0226116 -0.0238394 0.99946 7.75279
0.804809 -0.5923 -0.0382463 242.609 0.593318 0.804582 0.0249342 -67.5887 0.0160038 -0.0427595 0.998957 7.76074
0.73201 -0.680524 -0.03238 243.215 0.681267 0.730734 0.0436147 -66.9714 -0.00601965 -0.0539858 0.998524 7.76103
0.652015 -0.757589 -0.0305694 243.733 0.757642 0.649446 0.0647962 -66.2965 -0.0292358 -0.0654088 0.99743 7.7476
0.609136 -0.792469 -0.0307564 243.96 0.792262 0.606315 0.0685772 -65.9505 -0.0356973 -0.06614 0.997172 7.73618
0.51596 -0.856099 -0.029663 244.358 0.855474 0.513181 0.0693556 -65.2387 -0.0441528 -0.0611606 0.997151 7.70753
0.413459 -0.910187 -0.0247395 244.687 0.909651 0.411722 0.0549627 -64.5015 -0.0398405 -0.0452291 0.998182 7.65801
0.260427 -0.965026 -0.0300426 245.026 0.964794 0.258928 0.0461419 -63.2472 -0.0367493 -0.0410015 0.998483 7.58337
0.171032 -0.984798 -0.0303572 245.169 0.984459 0.169563 0.0457157 -62.3269 -0.0398732 -0.0377043 0.998493 7.5393
0.0950782 -0.994953 -0.0320725 245.248 0.994653 0.0936461 0.0435362 -61.3556 -0.040313 -0.0360404 0.998537 7.49269
0.0397069 -0.99858 -0.0355033 245.273 0.998543 0.0383559 0.0379563 -60.3402 -0.0365406 -0.0369587 0.998649 7.43764
-0.0172229 -0.998881 -0.0440529 245.233 0.999255 -0.018718 0.0337513 -58.7281 -0.0345381 -0.0434388 0.998459 7.36753
-0.0347162 -0.998305 -0.0467201 245.182 0.998895 -0.0361429 0.0300459 -57.5845 -0.0316835 -0.0456254 0.998456 7.31781
-0.0406049 -0.998072 -0.0469393 245.127 0.998672 -0.0420311 0.0298027 -56.3739 -0.0317182 -0.0456669 0.998453 7.26953
-0.0418924 -0.998042 -0.0464475 245.069 0.99859 -0.0433415 0.0306425 -55.0861 -0.0325956 -0.0450983 0.998451 7.21899
-0.0410999 -0.99817 -0.0443557 244.997 0.998672 -0.0424198 0.0292367 -53.7287 -0.0310648 -0.0430952 0.998588 7.16062
-0.0419609 -0.998263 -0.0413583 244.777 0.998787 -0.0429784 0.0240248 -51.596 -0.0257606 -0.0403 0.998856 7.02798
-0.04091 -0.99834 -0.0405542 244.644 0.998819 -0.0419274 0.0245615 -50.0552 -0.026221 -0.0395015 0.998875 6.95133
-0.0390544 -0.998616 -0.0352295 244.538 0.998889 -0.0399471 0.0249999 -48.4446 -0.0263726 -0.034214 0.999067 6.90144
-0.0375885 -0.998741 -0.0332121 244.438 0.998889 -0.0384986 0.0271962 -46.7684 -0.0284406 -0.0321529 0.999078 6.85252
-0.036514 -0.998866 -0.0305476 244.348 0.998639 -0.0376106 0.0361235 -45.0337 -0.0372315 -0.0291871 0.99888 6.80149
-0.0373369 -0.998852 -0.0300268 244.255 0.998656 -0.0383766 0.0348259 -43.3023 -0.0359382 -0.0286861 0.998942 6.74336
-0.0412052 -0.998802 -0.0264138 244.165 0.998692 -0.0419729 0.0291961 -41.5722 -0.0302698 -0.0251762 0.999225 6.68751
-0.0470703 -0.998632 -0.0227869 244.071 0.998055 -0.0479523 0.0398402 -39.824 -0.0408783 -0.0208673 0.998946 6.63651
-0.0524387 -0.998444 -0.0189432 243.994 0.997601 -0.0532341 0.0442529 -38.0797 -0.0451925 -0.0165772 0.998841 6.5596
-0.0585161 -0.998063 -0.021133 243.895 0.997527 -0.0592843 0.0377629 -35.4654 -0.0389426 -0.018871 0.999063 6.42674
-0.0611196 -0.997819 -0.0249465 243.8 0.997423 -0.0619981 0.0361022 -33.7099 -0.0375701 -0.0226757 0.999037 6.33876
-0.0622204 -0.99757 -0.0313591 243.695 0.997557 -0.063158 0.0298481 -31.9566 -0.0317561 -0.0294253 0.999062 6.26758
-0.0597569 -0.997635 -0.0339544 243.595 0.997742 -0.0607397 0.0286837 -30.216 -0.0306782 -0.0321636 0.999012 6.21667
-0.0557942 -0.997936 -0.0317834 243.525 0.997939 -0.0567486 0.029956 -28.483 -0.0316979 -0.0300465 0.999046 6.17448
-0.051961 -0.998332 -0.0251475 243.463 0.99805 -0.0527854 0.0333045 -26.7694 -0.0345764 -0.023368 0.999129 6.12741
-0.0483156 -0.998648 -0.0192075 243.402 0.998289 -0.0489148 0.0320439 -25.0755 -0.0329401 -0.0176264 0.999302 6.07209
-0.0458235 -0.998824 -0.0158169 243.335 0.99845 -0.0462955 0.0308867 -23.3966 -0.0315827 -0.0143771 0.999398 6.03824
-0.0462785 -0.998808 -0.0155353 243.271 0.998118 -0.0468621 0.0395644 -21.7281 -0.0402452 -0.013675 0.999096 6.0113
-0.0501771 -0.998564 -0.018765 243.191 0.997859 -0.0509133 0.0410589 -20.0796 -0.0419553 -0.0166646 0.998981 5.98578
-0.0566644 -0.998188 -0.0202292 243.106 0.997762 -0.0573374 0.0343948 -18.4577 -0.0354923 -0.0182349 0.999204 5.96137
-0.0661189 -0.997556 -0.0225796 243.005 0.997255 -0.0668211 0.0318972 -16.8414 -0.0333281 -0.0204086 0.999236 5.93377
-0.075506 -0.996781 -0.0269406 242.886 0.996523 -0.0763861 0.0332803 -15.2382 -0.035231 -0.0243341 0.999083 5.8973
-0.0836587 -0.995906 -0.0342417 242.737 0.995687 -0.0849248 0.0373569 -13.6563 -0.0401119 -0.0309688 0.998715 5.86695
-0.0887666 -0.995137 -0.0426949 242.574 0.995271 -0.0903133 0.0357692 -12.1011 -0.0394512 -0.0393178 0.998448 5.83926
-0.0909381 -0.994503 -0.0519065 242.41 0.995079 -0.0928034 0.0347271 -10.5856 -0.0393533 -0.048493 0.998048 5.81068
-0.0918406 -0.994145 -0.0569328 242.257 0.994955 -0.0939327 0.0352243 -9.1132 -0.0403659 -0.0534105 0.997757 5.79737
-0.0909663 -0.993883 -0.0626237 242.111 0.995023 -0.0932789 0.0350445 -7.70439 -0.0406716 -0.0591241 0.997422 5.77741
-0.0872824 -0.994065 -0.0649312 241.981 0.99527 -0.0898083 0.03705 -6.3504 -0.0426615 -0.0613902 0.997202 5.75844
-0.081581 -0.994367 -0.0676687 241.865 0.995773 -0.0841947 0.0367109 -5.05554 -0.0422014 -0.0643877 0.997032 5.73863
-0.0760447 -0.994938 -0.0656923 241.769 0.996311 -0.0784468 0.0347895 -3.81855 -0.0397668 -0.0628044 0.997233 5.71261
-0.065854 -0.99577 -0.0640693 241.639 0.99701 -0.0682659 0.0362115 -2.06862 -0.0404321 -0.0614931 0.997288 5.6737
-0.0574158 -0.996267 -0.0644685 241.571 0.997555 -0.0598283 0.0361333 -0.990731 -0.0398555 -0.0622362 0.997265 5.65226
-0.048678 -0.996853 -0.062572 241.521 0.997992 -0.0510841 0.0374443 0.0225108 -0.0405229 -0.0606237 0.997338 5.63814
-0.0401197 -0.997381 -0.060179 241.483 0.998328 -0.0425202 0.039152 0.9676 -0.0416083 -0.0585076 0.99742 5.61793
-0.025039 -0.997904 -0.0596655 241.446 0.998689 -0.0276351 0.0430874 2.26456 -0.044646 -0.0585084 0.997288 5.59651
-0.00778637 -0.998477 -0.0546078 241.447 0.999053 -0.0101054 0.0423176 3.40242 -0.042805 -0.0542266 0.997611 5.57526
0.00806048 -0.998615 -0.0519902 241.468 0.999139 0.00592689 0.0410608 4.37489 -0.0406958 -0.0522764 0.997803 5.55776
0.0166778 -0.998535 -0.0514704 241.482 0.999024 0.0145361 0.0417049 4.91114 -0.0408957 -0.0521158 0.997803 5.55558
0.0232964 -0.99858 -0.047917 241.503 0.999142 0.0216145 0.0353226 5.33542 -0.0342368 -0.0486988 0.998227 5.55591
0.0295113 -0.998493 -0.0462596 241.529 0.999059 0.0279927 0.0331363 5.77681 -0.0317914 -0.0471939 0.99838 5.55411
0.0309859 -0.99846 -0.0460045 241.542 0.99911 0.0296217 0.0300404 5.94771 -0.0286314 -0.0468943 0.998489 5.55545
0.0315478 -0.998458 -0.0456816 241.557 0.999156 0.0303003 0.0277476 6.11647 -0.0263206 -0.0465184 0.998571 5.56684
0.0317849 -0.998439 -0.0459281 241.556 0.999157 0.0305454 0.0274379 6.16639 -0.0259921 -0.0467615 0.998568 5.5731
0.0319392 -0.998427 -0.0460849 241.555 0.99916 0.0307098 0.0271394 6.17256 -0.0256815 -0.0469129 0.998569 5.57438
0.0318302 -0.998394 -0.0468718 241.558 0.99925 0.030752 0.0235451 6.16746 -0.0220659 -0.047586 0.998623 5.57685
0.0314258 -0.998432 -0.0463231 241.572 0.999266 0.0303675 0.0233727 6.16168 -0.0219294 -0.0470236 0.998653 5.57886
0.0309914 -0.998448 -0.0462771 241.587 0.9993 0.0299798 0.0223916 6.17498 -0.0209694 -0.0469386 0.998678 5.57691
0.0309779 -0.998452 -0.0461856 241.601 0.999304 0.0299774 0.0221988 6.22768 -0.02078 -0.0468411 0.998686 5.56742
0.0312775 -0.998441 -0.0462375 241.608 0.999357 0.0304264 0.0189964 6.32894 -0.01756 -0.0468019 0.99875 5.56441
0.0349919 -0.998331 -0.0459384 241.619 0.999323 0.0344292 0.0129829 6.564 -0.0113796 -0.0463616 0.99886 5.56254
0.0435052 -0.998022 -0.0453863 241.634 0.999018 0.0430771 0.0103636 6.81934 -0.00838799 -0.0457926 0.998916 5.5627
0.0714431 -0.996351 -0.0466995 241.679 0.997432 0.0711297 0.00833972 7.34658 -0.00498757 -0.0471754 0.998874 5.55297
0.120451 -0.991609 -0.0469332 241.773 0.992692 0.119962 0.0131124 8.01486 -0.00737225 -0.0481696 0.998812 5.54356
0.166344 -0.984927 -0.0474085 241.867 0.986003 0.165589 0.0194628 8.51754 -0.0113191 -0.0499824 0.998686 5.53811
0.22191 -0.974147 -0.0423461 242.015 0.975028 0.221301 0.0186134 9.04483 -0.008761 -0.0454191 0.99893 5.53193
0.329122 -0.943852 -0.0286695 242.342 0.944209 0.328553 0.0228329 9.88767 -0.0121314 -0.0345848 0.999328 5.52923
0.415185 -0.909272 -0.0290786 242.63 0.909551 0.414242 0.0334764 10.4794 -0.0183936 -0.0403474 0.999016 5.52293
0.507935 -0.860916 -0.0287431 242.994 0.861189 0.5068 0.0388345 11.0646 -0.0188663 -0.0444787 0.998832 5.51661
0.602335 -0.797978 -0.0205842 243.45 0.79806 0.601443 0.036966 11.6183 -0.0171179 -0.0386933 0.999105 5.5172
0.739843 -0.672188 -0.0281952 244.289 0.672777 0.739315 0.0280106 12.3798 0.00201673 -0.0396926 0.99921 5.49656
0.855832 -0.516738 -0.0231098 245.373 0.517218 0.855449 0.0263144 13.0339 0.00617163 -0.0344735 0.999387 5.49968
0.932663 -0.360334 -0.0172942 246.693 0.360616 0.93255 0.0175012 13.5339 0.00982145 -0.0225593 0.999697 5.52216
0.97439 -0.22375 -0.0223578 248.21 0.224118 0.974437 0.0155891 13.8932 0.0182982 -0.0202006 0.999629 5.54615
0.99184 -0.126204 -0.0180204 249.938 0.126442 0.991892 0.0127248 14.1085 0.0162684 -0.0148995 0.999757 5.58989
0.99604 -0.087349 -0.0165754 251.183 0.0874883 0.996135 0.00786727 14.194 0.0158242 -0.00928628 0.999832 5.61551
0.998282 -0.0559297 -0.0174726 253.178 0.0560462 0.998409 0.00624276 14.2927 0.0170957 -0.00721131 0.999828 5.65278
0.998938 -0.0419598 -0.0190358 255.315 0.0420455 0.999107 0.00411513 14.3617 0.0188462 -0.00491114 0.99981 5.6962
0.999189 -0.0380636 -0.01314 257.605 0.0381169 0.999266 0.00382807 14.4344 0.0129846 -0.00432582 0.999906 5.739
0.998986 -0.0417763 -0.0167537 260.029 0.0418016 0.999125 0.00115486 14.5062 0.0166908 -0.00185403 0.999859 5.76012
0.998695 -0.04341 -0.0268908 261.707 0.043549 0.999041 0.00459994 14.5638 0.0266653 -0.00576501 0.999628 5.77722
0.99902 -0.042871 -0.0109757 264.347 0.0429482 0.999054 0.00687988 14.6592 0.0106703 -0.00734453 0.999916 5.8268
0.999042 -0.0432702 -0.00648223 266.163 0.0432806 0.999062 0.00144988 14.7182 0.0064134 -0.00172905 0.999978 5.85006
0.998731 -0.0457999 -0.0209552 268.013 0.0457152 0.998945 -0.00450754 14.7762 0.0211395 0.00354384 0.99977 5.86279
0.9985 -0.0477482 -0.0268051 269.917 0.0476404 0.998854 -0.00465117 14.8506 0.0269965 0.00336718 0.99963 5.90122
0.998756 -0.0483763 -0.0121045 272.88 0.0483897 0.998828 0.000801768 14.9812 0.0120515 -0.00138651 0.999927 5.97386
0.998847 -0.0470689 -0.00943145 274.896 0.0470595 0.998891 -0.00123469 15.0446 0.0094791 0.000789428 0.999955 6.00751
0.998687 -0.0475205 -0.0191557 277.96 0.0474187 0.998859 -0.00573939 15.1425 0.0194065 0.00482351 0.9998 6.06341
0.998606 -0.0512552 -0.0126089 281.096 0.0511675 0.998664 -0.00719042 15.2547 0.0129606 0.00653522 0.999895 6.13054
0.998305 -0.0549482 -0.0191825 283.196 0.05474 0.998438 -0.0112272 15.336 0.0197695 0.0101582 0.999753 6.16898
0.997968 -0.0591552 -0.0236858 286.368 0.0589629 0.998222 -0.00874261 15.4745 0.0241609 0.00732825 0.999681 6.26043
0.99798 -0.061673 -0.0152673 288.498 0.0615997 0.998087 -0.00523926 15.5737 0.0155612 0.0042882 0.99987 6.31948
0.99791 -0.0635567 -0.0116188 291.662 0.0635497 0.997978 -0.000993093 15.7263 0.0116584 0.000252647 0.999932 6.3858
0.997861 -0.0631602 -0.0168585 293.746 0.0631424 0.998003 -0.00158453 15.8272 0.0169249 0.000516649 0.999857 6.42807
0.997728 -0.0635007 -0.0224958 295.819 0.0634496 0.997981 -0.00298572 15.9256 0.02264 0.00155159 0.999743 6.47999
0.997952 -0.0618203 -0.0164336 298.912 0.061866 0.998082 0.00228463 16.0886 0.0162609 -0.00329664 0.999862 6.57504
0.998068 -0.0608591 -0.0125042 300.963 0.0609326 0.998127 0.00557279 16.2046 0.0121416 -0.00632394 0.999906 6.62499
0.998204 -0.0595131 -0.00689483 303.02 0.0595842 0.998167 0.0106003 16.3214 0.00625133 -0.0109921 0.99992 6.65613
0.998134 -0.0586098 -0.0171113 305.058 0.0588717 0.99815 0.0152172 16.4355 0.0161877 -0.0161962 0.999738 6.68194
0.998148 -0.0572948 -0.0204316 307.101 0.057725 0.998109 0.0211207 16.5507 0.0191828 -0.022261 0.999568 6.72417
0.998159 -0.0567941 -0.0212621 309.144 0.0573027 0.998066 0.0241211 16.6615 0.019851 -0.0252951 0.999483 6.77109
0.998198 -0.0577568 -0.0162892 312.233 0.0581324 0.99803 0.0236023 16.8001 0.0148939 -0.0245067 0.999589 6.8433
0.998246 -0.0567966 -0.016674 314.306 0.0571905 0.998071 0.0241695 16.8901 0.0152691 -0.0250807 0.999569 6.88399
0.998328 -0.0553124 -0.016791 316.396 0.0556978 0.998173 0.0234203 16.9787 0.0154649 -0.0243163 0.999585 6.92586
0.998404 -0.0542512 -0.0157206 318.509 0.0546273 0.998205 0.0245603 17.075 0.01436 -0.0253799 0.999575 6.97398
0.998358 -0.0532375 -0.0211301 320.632 0.0537511 0.998253 0.0245184 17.1722 0.0197879 -0.0256139 0.999476 7.02354
0.998341 -0.0532843 -0.0218156 322.783 0.0537837 0.998288 0.0229781 17.2781 0.0205539 -0.0241133 0.999498 7.08317
