0.999993 -0.00333544 -0.00148191 0.685483 0.00333159 0.999991 -0.0025953 -0.000932383 0.00149056 0.00259034 0.999996 0.0105705
0.999969 -0.00725484 -0.00295433 1.38685 0.00725054 0.999973 -0.00146252 0.0100283 0.00296486 0.00144106 0.999995 0.0158314
0.999927 -0.0113173 -0.00432043 2.10677 0.0113126 0.999935 -0.00109904 0.0180641 0.00433259 0.00105008 0.99999 0.0190499
0.999859 -0.0160149 -0.00498663 2.84953 0.0160176 0.999872 0.000509218 0.0410121 0.00497784 -0.00058902 0.999987 0.0220031
0.999667 -0.0251047 -0.00590763 4.34855 0.0251086 0.999685 0.000579936 0.0908965 0.00589121 -0.000728075 0.999982 0.0402971
0.999395 -0.0343208 -0.00562146 5.91979 0.0343533 0.999393 0.00578724 0.151677 0.00541942 -0.00597685 0.999967 0.0569921
0.999094 -0.0425533 -0.000626158 7.53626 0.0425556 0.999084 0.00440511 0.226264 0.000438133 -0.00442777 0.99999 0.0733499
0.99898 -0.0451563 -0.000556249 8.35277 0.0451584 0.99897 0.00444278 0.273855 0.000355056 -0.00446337 0.99999 0.0814424
0.998785 -0.0492753 -0.00115429 10.0055 0.0492778 0.998783 0.0022698 0.352262 0.00104104 -0.00232392 0.999997 0.0922501
0.998617 -0.052574 -0.000491357 11.6995 0.0525736 0.998617 -0.000719472 0.443647 0.000528503 0.000692645 1 0.10155
0.998434 -0.0557347 -0.00488195 13.4313 0.0557418 0.998444 0.00133666 0.554257 0.00479986 -0.00160669 0.999987 0.113403
0.998257 -0.0586294 -0.00678287 15.1979 0.0586831 0.998245 0.00800439 0.674158 0.00630167 -0.00838848 0.999945 0.131377
0.998114 -0.0612711 -0.00380367 16.9962 0.0612993 0.998089 0.00779325 0.786228 0.0033189 -0.00801172 0.999962 0.153108
0.997933 -0.0641456 -0.00390518 18.8095 0.0641687 0.99792 0.00612201 0.90949 0.00350436 -0.00635994 0.999974 0.168116
0.997829 -0.0658009 -0.00264916 20.6505 0.065818 0.997807 0.0070251 1.0275 0.00218109 -0.00718421 0.999972 0.194484
0.997819 -0.0660015 0.00065818 21.5787 0.0659924 0.997776 0.00937517 1.10385 -0.00127549 -0.00931129 0.999956 0.199186
0.997929 -0.0638975 0.00734023 23.452 0.0638304 0.99792 0.00903368 1.22657 -0.00790219 -0.00854644 0.999932 0.201674
0.99812 -0.0609662 0.00621767 25.3337 0.0609307 0.998125 0.00575398 1.34528 -0.00655681 -0.00536432 0.999964 0.201487
0.998292 -0.0584146 -0.0012351 27.2533 0.0584212 0.998272 0.00631684 1.479 0.000863969 -0.0063782 0.999979 0.208043
0.998331 -0.0576362 0.0037454 29.1941 0.0576044 0.998307 0.00810073 1.59443 -0.00420595 -0.00787146 0.99996 0.226244
0.998212 -0.059193 0.0082857 31.1581 0.0592586 0.998211 -0.0079166 1.70316 -0.00780227 0.00839345 0.999934 0.22365
0.998139 -0.0607504 0.00532517 32.1333 0.0608075 0.998086 -0.011298 1.76107 -0.00462862 0.0116008 0.999922 0.226664
0.997951 -0.0639872 0.000240748 34.1009 0.0639875 0.997932 -0.00603786 1.89358 0.000146096 0.00604089 0.999982 0.238763
0.997792 -0.0662942 0.00392318 36.0961 0.0663031 0.997797 -0.00218303 2.03127 -0.00376982 0.00243833 0.99999 0.254487
0.997624 -0.0684633 0.00768001 38.1001 0.0684589 0.997654 0.000834155 2.17621 -0.0077191 -0.000306407 0.99997 0.264692
0.997602 -0.0683752 0.0107553 39.1042 0.0683568 0.997659 0.00207382 2.24469 -0.010872 -0.00133365 0.99994 0.273515
0.997523 -0.0691273 0.0129807 41.0983 0.0690635 0.997598 0.00530069 2.39878 -0.0133159 -0.00439107 0.999902 0.261506
0.997589 -0.0687402 0.0095857 43.0894 0.0686836 0.99762 0.00610967 2.55148 -0.00998286 -0.00543656 0.999935 0.257516
0.997425 -0.0709668 0.0103942 45.0763 0.0709104 0.997466 0.00569376 2.69474 -0.0107719 -0.00494205 0.99993 0.258265
0.997363 -0.0719553 0.009428 47.0361 0.0719067 0.997397 0.00539347 2.84798 -0.00979154 -0.00470131 0.999941 0.266903
0.997328 -0.0729831 0.00317739 48.9798 0.0729518 0.997294 0.00906196 3.01119 -0.00383017 -0.00880595 0.999954 0.269219
0.997237 -0.0736402 0.00973413 50.9271 0.0735766 0.997267 0.00673948 3.14591 -0.0102038 -0.00600466 0.99993 0.275782
0.9972 -0.0740709 0.0102372 52.8574 0.0740584 0.997253 0.00159824 3.28738 -0.0103274 -0.000835621 0.999946 0.277588
0.997083 -0.0756297 0.010281 54.7707 0.0756428 0.997135 -0.000891074 3.43047 -0.0101841 0.00166616 0.999947 0.286692
0.996828 -0.0771904 0.0193951 56.6789 0.0773088 0.996992 -0.0054301 3.57267 -0.0189176 0.00691229 0.999797 0.287193
0.996685 -0.0789356 0.0196867 58.578 0.0790963 0.996839 -0.00751996 3.73307 -0.0190309 0.00905218 0.999778 0.27004
0.996658 -0.0813265 0.00761126 60.4139 0.0813545 0.996679 -0.00343716 3.88774 -0.00730645 0.00404489 0.999965 0.272547
0.996584 -0.082296 0.00690278 61.3256 0.0822794 0.996606 0.00264947 3.98107 -0.00709739 -0.00207247 0.999973 0.264158
0.996381 -0.0843843 0.0102184 63.1228 0.0843121 0.996413 0.007299 4.14671 -0.0107976 -0.00641105 0.999921 0.275601
0.996168 -0.0868127 0.0106337 64.856 0.086715 0.996189 0.00932887 4.31259 -0.0114031 -0.00837102 0.9999 0.277207
0.995902 -0.0896744 0.0117105 66.5321 0.0895586 0.995931 0.0100685 4.47145 -0.0125657 -0.00897842 0.999881 0.284443
0.995626 -0.092239 0.014886 68.1521 0.0920471 0.995669 0.013097 4.63056 -0.0160295 -0.0116695 0.999803 0.286545
0.995251 -0.0951278 0.020654 69.7236 0.0947938 0.995359 0.016591 4.78852 -0.0221364 -0.0145543 0.999649 0.275382
0.995162 -0.0965858 0.0180023 70.4725 0.0962795 0.995206 0.0171703 4.8666 -0.0195744 -0.015354 0.99969 0.289463
0.995168 -0.0976075 0.0106751 71.1939 0.0974226 0.995104 0.0166546 4.94766 -0.0122484 -0.0155341 0.999804 0.282662
0.995036 -0.0994682 0.00298539 72.5993 0.0993889 0.994846 0.0200832 5.09482 -0.00496764 -0.0196868 0.999794 0.285312
0.994967 -0.100062 0.00533129 73.2908 0.0999073 0.994707 0.0239979 5.17065 -0.00770435 -0.0233445 0.999698 0.286258
0.994737 -0.102308 0.00562397 74.5884 0.102188 0.994592 0.0185771 5.30711 -0.00749413 -0.0179047 0.999812 0.300202
0.994765 -0.102175 0.00164971 75.1953 0.10215 0.994705 0.01132 5.36611 -0.00279759 -0.0110922 0.999935 0.30933
0.995145 -0.0983604 -0.00351928 76.381 0.0983935 0.995088 0.0109362 5.48622 0.00242629 -0.0112294 0.999934 0.326764
0.995544 -0.0942923 -0.00126541 76.9442 0.0943007 0.995432 0.0149377 5.55351 -0.000148884 -0.0149904 0.999888 0.326059
0.996936 -0.0776451 0.00952551 78.6121 0.0775855 0.996965 0.00646642 5.66915 -0.00999868 -0.00570756 0.999934 0.3348
0.998626 -0.051395 0.0102485 79.6022 0.0512416 0.998578 0.0147049 5.74875 -0.0109897 -0.0141596 0.999839 0.360758
0.99936 -0.0341215 0.0107798 80.0836 0.0339166 0.999251 0.0186471 5.75753 -0.011408 -0.0182695 0.999768 0.355034
0.999819 0.0136696 0.013208 81.0087 -0.0138706 0.999788 0.0152448 5.73378 -0.0129968 -0.0154253 0.999797 0.354703
0.997009 0.0751848 0.017913 81.8902 -0.0754297 0.997061 0.0134077 5.6481 -0.0168523 -0.0147188 0.99975 0.364651
0.988155 0.15215 0.0199955 82.7442 -0.152429 0.988226 0.0132552 5.49765 -0.0177433 -0.0161461 0.999712 0.361419
0.980211 0.196875 0.0206382 83.1485 -0.197168 0.98028 0.0132358 5.39758 -0.0176254 -0.017043 0.999699 0.361516
0.954353 0.298098 0.0186564 83.9126 -0.29839 0.954319 0.0154853 5.17097 -0.013188 -0.0203453 0.999706 0.362052
0.91205 0.409729 0.0169547 84.6186 -0.409983 0.911952 0.0160326 4.84951 -0.00889284 -0.0215737 0.999728 0.360689
0.851796 0.523679 0.014298 85.2601 -0.523855 0.851679 0.0147906 4.42829 -0.00443178 -0.0200887 0.999788 0.355882
0.777281 0.628963 0.0154496 85.8352 -0.629142 0.777179 0.0131583 3.93057 -0.00373108 -0.0199477 0.999794 0.381222
0.646043 0.763133 0.0159924 86.5714 -0.763294 0.645982 0.0094429 3.05169 -0.00312463 -0.0183075 0.999828 0.368245
0.554097 0.832338 0.0138037 86.9722 -0.832451 0.554054 0.00709804 2.40015 -0.00174004 -0.0154239 0.99988 0.40223
0.461866 0.88679 0.0168393 87.3288 -0.886947 0.461732 0.0113578 1.74046 0.00229675 -0.0201813 0.999794 0.404233
0.379045 0.925378 -7.72029e-05 87.591 -0.925375 0.379044 0.00276695 1.01555 0.00258974 -0.000977358 0.999996 0.386602
0.30972 0.950825 -0.00249951 87.8142 -0.950828 0.30972 -8.15493e-05 0.283468 0.000696609 0.00240186 0.999997 0.445405
0.278284 0.960482 0.00578973 87.9463 -0.960487 0.278246 0.00655622 -0.082825 0.00468616 -0.00738546 0.999962 0.458611
0.198959 0.980002 0.00327752 88.2162 -0.979912 0.198892 0.0146753 -1.24389 0.01373 -0.00613148 0.999887 0.441057
0.157673 0.987461 -0.00770064 88.3331 -0.987124 0.157822 0.026057 -2.06383 0.0269456 0.003493 0.999631 0.45275
0.123887 0.992296 0.000206627 88.4758 -0.992018 0.123848 0.0237097 -2.95946 0.0235015 -0.00314231 0.999719 0.47677
0.095015 0.995476 -0.000829124 88.5866 -0.995316 0.0950147 0.0178526 -3.89545 0.0178506 -0.00087103 0.99984 0.501609
0.0844259 0.996414 -0.00565435 88.6092 -0.99628 0.0845101 0.0168305 -4.40778 0.017248 0.00421239 0.999842 0.51047
0.0665562 0.997717 -0.0114027 88.6622 -0.997616 0.0667494 0.0174989 -5.44955 0.0182201 0.0102109 0.999782 0.531932
0.054387 0.998421 -0.0140273 88.7373 -0.998334 0.0546424 0.0185174 -6.55169 0.0192546 0.0129968 0.99973 0.555344
0.0489373 0.9987 -0.0142293 88.7601 -0.998607 0.0492045 0.0190738 -7.14893 0.0197491 0.013276 0.999717 0.566778
0.0412418 0.999009 -0.0167148 88.8161 -0.998952 0.0415604 0.0191836 -8.36427 0.0198593 0.0159061 0.999676 0.594667
0.0359149 0.999181 -0.0186545 88.87 -0.999175 0.0362562 0.0182887 -9.66763 0.01895 0.0179823 0.999659 0.621244
0.0362262 0.999029 -0.0250668 88.9005 -0.999176 0.0366676 0.0173792 -11.0323 0.0182815 0.0244166 0.999535 0.64935
0.0385339 0.998861 -0.0281362 88.93 -0.999094 0.0390219 0.0170052 -11.738 0.0180837 0.0274554 0.999459 0.666442
0.0465531 0.99847 -0.0298409 88.9927 -0.998756 0.0470601 0.0165198 -13.2065 0.0178988 0.0290347 0.999418 0.697134
0.0547175 0.998051 -0.0300074 89.077 -0.998385 0.0551462 0.0136468 -14.7369 0.015275 0.0292122 0.999457 0.727251
0.062664 0.997651 -0.0276805 89.1851 -0.99796 0.0629752 0.0105167 -16.2906 0.0122352 0.026965 0.999561 0.751144
0.0702794 0.997217 -0.024894 89.3061 -0.997398 0.0706504 0.0143518 -17.9085 0.0160707 0.0238206 0.999587 0.789662
0.0717024 0.997204 -0.0210411 89.3782 -0.997203 0.0721164 0.0196215 -18.7242 0.021084 0.0195753 0.999586 0.808519
0.0722911 0.997281 -0.0143326 89.518 -0.997105 0.0726032 0.0225999 -20.3695 0.023579 0.0126573 0.999642 0.845208
0.0723938 0.997309 -0.0115452 89.6465 -0.99717 0.0726092 0.0194885 -22.0056 0.0202743 0.0101017 0.999743 0.903064
0.0730833 0.99729 -0.0084468 89.7719 -0.997135 0.0732325 0.0189625 -23.6528 0.0195297 0.00703675 0.999785 0.957619
0.0731136 0.997299 -0.00707295 89.837 -0.997123 0.0732391 0.0195213 -24.4794 0.0199866 0.00562533 0.999784 0.983783
0.0699064 0.997554 0.000117992 89.9767 -0.997346 0.0698894 0.020399 -26.1186 0.0203408 -0.0015437 0.999792 1.03783
0.0624909 0.998026 0.00620276 90.1005 -0.997912 0.0623795 0.0167741 -27.7527 0.016354 -0.00723803 0.99984 1.08618
0.056209 0.998389 0.00777928 90.1677 -0.998312 0.0560872 0.0150837 -28.5619 0.0146231 -0.00861398 0.999856 1.10909
0.0421852 0.999062 0.00973292 90.2342 -0.998993 0.0420293 0.0157061 -30.1901 0.0152823 -0.0103857 0.999829 1.15687
0.0305114 0.999496 0.00878166 90.2791 -0.999416 0.0303714 0.0156507 -31.0024 0.0153761 -0.00925406 0.999839 1.1767
0.00948364 0.999911 0.0093886 90.3057 -0.999863 0.00935507 0.0136455 -32.6075 0.0135565 -0.00951672 0.999863 1.22226
-0.00221884 0.999963 0.00834496 90.3109 -0.999915 -0.00232601 0.0128572 -33.3918 0.0128761 -0.00831572 0.999883 1.24053
-0.0240208 0.999687 0.00699557 90.2789 -0.999619 -0.0241133 0.0134501 -34.9624 0.0136145 -0.00666982 0.999885 1.29059
-0.0347173 0.99938 0.00587191 90.2611 -0.999293 -0.0347978 0.0142056 -35.732 0.0144011 -0.00537458 0.999882 1.30763
-0.0548652 0.998478 0.00566515 90.1942 -0.998369 -0.0549473 0.0155278 -37.2716 0.0158154 -0.00480397 0.999863 1.35006
-0.0642871 0.997913 0.00613339 90.1515 -0.997798 -0.0643778 0.0159633 -38.0335 0.0163248 -0.00509365 0.999854 1.37487
-0.082327 0.996597 0.00402094 90.0362 -0.996478 -0.0823803 0.015631 -39.5398 0.015909 -0.00271993 0.99987 1.41776
-0.0897156 0.99596 0.00380445 89.9732 -0.99586 -0.0897613 0.0143166 -40.2865 0.0146002 -0.00250428 0.99989 1.4384
-0.0991294 0.995075 -0.000118922 89.8271 -0.995015 -0.0991222 0.0109478 -41.7448 0.0108821 0.00120357 0.99994 1.48135
-0.102152 0.994768 -0.00149168 89.7596 -0.994724 -0.102133 0.00965169 -42.4486 0.00944884 0.00246975 0.999952 1.50081
-0.104363 0.994531 -0.00406516 89.6203 -0.994499 -0.104321 0.00947398 -43.8237 0.00899808 0.00503153 0.999947 1.53425
-0.103307 0.994638 -0.00483626 89.5498 -0.994601 -0.103253 0.0103312 -44.4833 0.00977648 0.00587745 0.999935 1.54986
-0.0951986 0.995437 -0.00653308 89.4133 -0.995389 -0.0951126 0.0124246 -45.7582 0.0117465 0.00768576 0.999901 1.5809
-0.0874498 0.996152 -0.00583481 89.3633 -0.996091 -0.0873682 0.0130047 -46.3719 0.0124448 0.00694925 0.999898 1.59788
-0.0621417 0.998056 -0.00468432 89.288 -0.99798 -0.0620733 0.013545 -47.5303 0.0132279 0.00551657 0.999897 1.63823
-0.0237434 0.999714 -0.00276535 89.2753 -0.999562 -0.0236907 0.0177139 -48.6169 0.0176433 0.00318473 0.999839 1.67069
0.0288947 0.999583 0.00011734 89.3197 -0.999326 0.0288846 0.0226767 -49.691 0.0226638 -0.000772499 0.999743 1.70556
0.0617745 0.998089 0.00151949 89.3763 -0.997841 0.061725 0.022413 -50.2236 0.0222763 -0.00290075 0.999748 1.7217
0.141283 0.989966 0.00263745 89.5594 -0.989816 0.141214 0.0179439 -51.2774 0.0173914 -0.00514576 0.999835 1.74377
0.233976 0.972203 0.00878187 89.849 -0.9722 0.233872 0.0114849 -52.2948 0.00911186 -0.0112249 0.999895 1.77132
0.338763 0.940802 0.0114764 90.2458 -0.940856 0.338662 0.00985934 -53.2527 0.00538906 -0.0141377 0.999886 1.79484
0.395968 0.918227 0.00831573 90.4759 -0.918245 0.395885 0.0100751 -53.7039 0.00595915 -0.0116253 0.999915 1.8118
0.514502 0.857489 -0.000442808 91.0107 -0.857367 0.514437 0.0166117 -54.5317 0.0144721 -0.00816707 0.999862 1.84408
0.627923 0.778272 -0.0021771 91.6511 -0.77801 0.62778 0.0243431 -55.2514 0.0203123 -0.0135918 0.999701 1.85883
0.729667 0.683771 -0.006579 92.3614 -0.683449 0.729565 0.025145 -55.884 0.0219932 -0.013851 0.999662 1.86383
0.815914 0.578173 -0.000163128 93.15 -0.57808 0.815787 0.0177458 -56.4114 0.0103932 -0.0143848 0.999843 1.88381
0.883385 0.468537 0.010158 93.9792 -0.468638 0.883298 0.0127395 -56.8281 -0.00300364 -0.0160143 0.999867 1.89818
0.908942 0.416604 0.0162699 94.4046 -0.416806 0.908918 0.0118779 -56.9937 -0.00983961 -0.0175777 0.999797 1.916
0.944307 0.328195 0.0239418 95.2714 -0.328643 0.944283 0.0180064 -57.2706 -0.0166982 -0.0248718 0.999551 1.92816
0.964762 0.262233 0.0216588 96.1935 -0.262734 0.964546 0.0249219 -57.4674 -0.0143555 -0.0297342 0.999455 1.89261
0.974271 0.224524 0.0196146 97.1224 -0.224861 0.974241 0.0170808 -57.6765 -0.0152743 -0.0210519 0.999662 1.89301
0.979038 0.202543 0.0214787 98.1283 -0.203063 0.978829 0.0256749 -57.8361 -0.0158237 -0.0294982 0.99944 1.8896
0.980368 0.196012 0.0213802 98.6468 -0.196627 0.979957 0.0319545 -57.9282 -0.0146882 -0.0355311 0.999261 1.88568
0.981043 0.19309 0.0164418 99.6999 -0.193611 0.980242 0.0404942 -58.0998 -0.00829795 -0.0429098 0.999044 1.86977
0.980533 0.195967 0.0123248 100.249 -0.196296 0.979837 0.0372427 -58.2031 -0.00477796 -0.038937 0.99923 1.86743
0.978883 0.204412 0.00185886 101.379 -0.204338 0.978191 0.0372629 -58.4394 0.00579866 -0.0368558 0.999304 1.87784
0.977947 0.208815 0.00387821 101.964 -0.208784 0.976992 0.043545 -58.5518 0.00530388 -0.0433944 0.999044 1.88139
0.975729 0.218622 0.0125349 103.168 -0.218968 0.974709 0.0446663 -58.8153 -0.00245285 -0.046327 0.998923 1.87811
0.973914 0.225867 0.021798 104.418 -0.226575 0.973218 0.0388682 -59.1053 -0.0124352 -0.0427932 0.999007 1.87022
0.973215 0.228938 0.0209735 105.06 -0.22954 0.972735 0.0331425 -59.2602 -0.012814 -0.037069 0.999231 1.8655
0.973336 0.229177 0.00976152 106.374 -0.229359 0.972979 0.0265812 -59.5803 -0.00340597 -0.0281113 0.999599 1.86768
0.974113 0.226058 0.00167608 107.722 -0.225974 0.973488 0.035463 -59.878 0.00638503 -0.0349237 0.99937 1.87248
0.974745 0.223242 0.00586265 108.424 -0.223305 0.974059 0.0366615 -60.0381 0.00247382 -0.0370448 0.999311 1.86648
0.975632 0.218658 0.0182208 109.868 -0.219159 0.97514 0.0327306 -60.3696 -0.0106111 -0.0359262 0.999298 1.87081
0.976502 0.215 0.0147861 111.35 -0.215428 0.975704 0.0399108 -60.6585 -0.00584604 -0.0421583 0.999094 1.87656
0.977324 0.21155 0.00922252 112.095 -0.21175 0.976519 0.0396607 -60.8183 -0.000615739 -0.0407142 0.999171 1.87717
0.979007 0.203715 0.00675188 113.643 -0.203824 0.978259 0.0382727 -61.1423 0.00119163 -0.0388454 0.999245 1.87483
0.979684 0.200377 0.0083151 114.445 -0.200547 0.979024 0.0359545 -61.3081 -0.000936231 -0.0368916 0.999319 1.87957
0.980334 0.196972 0.0121624 116.045 -0.197262 0.979855 0.0311653 -61.6295 -0.00577867 -0.0329516 0.99944 1.87488
0.980519 0.195865 0.0148273 117.672 -0.19621 0.980181 0.0273406 -61.9534 -0.00917837 -0.0297173 0.999516 1.8842
0.980425 0.196377 0.0142557 118.493 -0.196736 0.979967 0.0309904 -62.1108 -0.00788433 -0.0331883 0.999418 1.88795
0.980171 0.197758 0.0125304 120.159 -0.198129 0.979107 0.0457659 -62.409 -0.003218 -0.047341 0.998874 1.89011
0.978994 0.203205 0.0166932 121.832 -0.203819 0.977526 0.0538665 -62.7294 -0.00537202 -0.0561374 0.998409 1.88529
0.978451 0.20586 0.0159693 122.681 -0.206429 0.976981 0.0538176 -62.8988 -0.00452285 -0.0559545 0.998423 1.88824
0.977772 0.209267 0.0130013 124.353 -0.209652 0.976628 0.0473619 -63.252 -0.0027861 -0.0490349 0.998793 1.88925
0.977738 0.209527 0.0112532 125.199 -0.209816 0.976853 0.0416642 -63.4505 -0.00226293 -0.0430978 0.999068 1.90167
0.977457 0.210865 0.0106359 126.04 -0.211122 0.976694 0.0386795 -63.6289 -0.00223188 -0.040053 0.999195 1.92599
0.976836 0.213044 0.0201149 127.732 -0.213738 0.975932 0.0432758 -63.9813 -0.0104112 -0.0465727 0.998861 1.92441
0.976471 0.215637 0.00212208 130.213 -0.215545 0.975658 0.040405 -64.5192 0.00664241 -0.0399118 0.999181 1.90245
0.976534 0.215295 -0.00537962 131.036 -0.214938 0.975873 0.0383966 -64.702 0.0135164 -0.0363393 0.999248 1.94465
0.976835 0.212929 0.0213426 132.722 -0.213526 0.976436 0.0313012 -65.0655 -0.0141747 -0.0351333 0.999282 1.9406
0.97711 0.21068 0.0295069 134.364 -0.211437 0.977061 0.0254063 -65.4217 -0.0234775 -0.0310636 0.999242 1.92799
0.97799 0.208477 0.0084804 135.982 -0.208649 0.977294 0.0369161 -65.7523 -0.000591672 -0.037873 0.999282 1.92098
0.97889 0.204167 0.00945497 137.616 -0.204372 0.978316 0.033598 -66.0915 -0.00239034 -0.0348211 0.999391 1.95621
0.979647 0.20057 0.0079574 138.433 -0.200724 0.97911 0.0324671 -66.2497 -0.00127925 -0.0334035 0.999441 1.96463
0.981173 0.193001 0.0071539 140.057 -0.193133 0.980446 0.0377444 -66.556 0.000270684 -0.0384154 0.999262 1.98157
0.981629 0.190644 0.00772757 140.86 -0.1908 0.980715 0.0423377 -66.6992 0.000492885 -0.0430343 0.999073 1.98764
0.982156 0.187545 0.0139844 142.475 -0.187986 0.981189 0.0439216 -66.9936 -0.0054841 -0.0457667 0.998937 1.99259
0.982413 0.186185 0.0141152 143.277 -0.186622 0.981535 0.0419616 -67.1501 -0.00604191 -0.0438578 0.99902 1.99925
0.98368 0.179785 0.00708072 144.884 -0.179925 0.98297 0.0373743 -67.4419 -0.00024078 -0.0380384 0.999276 2.0189
0.985962 0.166686 0.00974803 146.475 -0.166928 0.985347 0.0350266 -67.7195 -0.00376675 -0.0361621 0.999339 2.01657
0.986851 0.160751 0.0168633 147.276 -0.16123 0.986382 0.032494 -67.8475 -0.0114102 -0.0347856 0.99933 2.01248
0.987935 0.151918 0.03008 148.884 -0.152925 0.987631 0.0346365 -68.0872 -0.024446 -0.0388187 0.998947 2.01797
0.989874 0.141042 0.016015 150.487 -0.141501 0.989402 0.0325651 -68.3027 -0.0112523 -0.0345015 0.999341 2.01846
0.9917 0.128185 0.0100262 152.096 -0.128447 0.991181 0.0325887 -68.5165 -0.00576042 -0.0336061 0.999419 2.0086
0.993591 0.112368 0.0122933 153.723 -0.112795 0.992709 0.0425102 -68.6718 -0.00742683 -0.0436243 0.99902 2.00435
0.995564 0.0939716 0.00460096 155.356 -0.0940829 0.99461 0.0435785 -68.8182 -0.000481018 -0.0438181 0.999039 2.00813
0.996894 0.0777104 0.0127631 157.013 -0.0782332 0.995804 0.0474679 -68.9353 -0.00902082 -0.048319 0.998791 2.01118
0.997896 0.0612184 0.0213454 158.678 -0.0622248 0.996799 0.0501954 -69.0283 -0.0182042 -0.051418 0.998511 2.00115
0.998497 0.0502962 0.0217689 160.328 -0.0513291 0.997438 0.0498223 -69.1107 -0.0192073 -0.0508648 0.998521 1.98618
0.998793 0.0460675 0.0170546 161.164 -0.0469203 0.997463 0.0535373 -69.1346 -0.014545 -0.0542729 0.99842 1.99221
0.999194 0.0392501 0.00837503 162.795 -0.039691 0.997327 0.061346 -69.1756 -0.0059448 -0.061629 0.998081 1.98348
0.999196 0.033277 0.0223753 164.462 -0.0346955 0.997195 0.0663216 -69.2218 -0.0201056 -0.0670446 0.997547 1.95884
0.999307 0.0249559 0.0276067 166.106 -0.0265937 0.997805 0.0606417 -69.2622 -0.0260328 -0.0613339 0.997778 1.93728
0.999889 0.00641966 0.013424 168.571 -0.00714819 0.998464 0.0549471 -69.2938 -0.0130506 -0.0550369 0.998399 1.92472
0.999708 -0.00889244 0.0224582 170.254 0.00777275 0.998746 0.0494608 -69.2949 -0.0228699 -0.0492718 0.998524 1.91158
0.999448 -0.0205681 0.0260714 171.937 0.0196743 0.999225 0.0340867 -69.2773 -0.0267523 -0.033555 0.999079 1.88382
0.999362 -0.0339274 0.011184 173.585 0.0337178 0.999262 0.0184215 -69.2381 -0.0118007 -0.0180326 0.999768 1.87749
0.999163 -0.0403032 0.00702336 174.426 0.040194 0.999079 0.0150426 -69.2262 -0.00762316 -0.0147477 0.999862 1.87151
0.998302 -0.0527885 0.0246181 176.135 0.0520012 0.998147 0.0315949 -69.12 -0.0262404 -0.0302611 0.999198 1.84077
0.997679 -0.0605461 0.0311501 177.816 0.0596684 0.997815 0.0283748 -68.9964 -0.0328001 -0.0264503 0.999112 1.82461
0.997791 -0.0627919 0.0216753 178.66 0.0621407 0.997631 0.0295125 -68.9466 -0.0234771 -0.0281004 0.999329 1.83479
0.99767 -0.0678479 0.00710923 180.345 0.0675234 0.996963 0.0387905 -68.7937 -0.0097195 -0.0382201 0.999222 1.80142
0.997369 -0.0698576 0.0193854 182.051 0.0691249 0.996951 0.0361938 -68.6765 -0.0218547 -0.0347586 0.999157 1.77416
0.99722 -0.0702343 0.0248961 182.908 0.0692506 0.99686 0.0383873 -68.6134 -0.0275141 -0.0365565 0.998953 1.7576
0.997142 -0.0733824 0.0179567 184.601 0.0729016 0.996997 0.0261023 -68.4841 -0.0198183 -0.0247186 0.999498 1.75053
0.997031 -0.0769378 0.00313927 186.299 0.0768881 0.996946 0.013684 -68.392 -0.0041825 -0.013402 0.999901 1.73546
0.996935 -0.0779786 0.00633566 187.159 0.0778304 0.996746 0.0209938 -68.3062 -0.00795211 -0.0204363 0.99976 1.72985
0.996722 -0.0793898 0.0155869 188.023 0.078951 0.996513 0.0269966 -68.2302 -0.0176758 -0.0256775 0.999514 1.71718
0.996534 -0.081486 0.0167564 189.72 0.0811076 0.996459 0.0221441 -68.0868 -0.0185016 -0.0207082 0.999614 1.72043
0.996608 -0.0816499 0.0102718 191.395 0.0812882 0.996185 0.0317344 -67.9207 -0.0128237 -0.0307918 0.999444 1.71134
0.996544 -0.082108 0.0125519 192.234 0.081607 0.996005 0.03625 -67.8431 -0.0154782 -0.0351004 0.999264 1.70586
0.9964 -0.0829188 0.0176695 193.907 0.0821094 0.995719 0.0424483 -67.6931 -0.0211136 -0.0408447 0.998942 1.69465
0.996358 -0.0840979 0.0141053 195.554 0.083456 0.99566 0.0411837 -67.5425 -0.0175076 -0.0398565 0.999052 1.68616
0.996224 -0.0863052 0.00946805 197.178 0.0858051 0.995322 0.0444011 -67.382 -0.0132558 -0.0434211 0.998969 1.68388
0.995592 -0.0900911 0.0260647 198.79 0.0889052 0.995087 0.0435543 -67.2369 -0.0298605 -0.0410451 0.998711 1.66272
0.995457 -0.0907639 0.0287586 199.552 0.0897219 0.995328 0.0356633 -67.1802 -0.0318612 -0.032921 0.99895 1.65004
0.995724 -0.0905457 0.0183115 201.033 0.0899278 0.995429 0.0321435 -67.0359 -0.0211382 -0.0303593 0.999316 1.64394
0.995893 -0.0895719 0.0132289 201.744 0.0891069 0.995497 0.0323292 -66.9629 -0.0160651 -0.0310176 0.99939 1.65114
0.996279 -0.0859977 0.00563087 203.125 0.085813 0.995934 0.0274094 -66.8396 -0.00796512 -0.0268242 0.999608 1.65029
0.997027 -0.0764446 0.00962002 204.477 0.0761205 0.996633 0.0304578 -66.7205 -0.011916 -0.029635 0.99949 1.66707
0.997378 -0.0699537 0.0185576 205.145 0.0693072 0.997034 0.0334512 -66.6596 -0.0208426 -0.0320773 0.999268 1.66228
0.998095 -0.0582288 0.0204085 206.475 0.0574193 0.997618 0.0382298 -66.5514 -0.022586 -0.0369852 0.999061 1.63759
0.999023 -0.0439536 0.00468203 207.751 0.0437543 0.998377 0.0364641 -66.502 -0.00627716 -0.0362236 0.999324 1.6405
0.999566 -0.029395 0.00183805 209.038 0.0292974 0.998761 0.0402195 -66.4512 -0.00301802 -0.0401482 0.999189 1.64543
0.999699 -0.0234082 0.00735615 209.696 0.023122 0.999053 0.0368503 -66.4361 -0.00821178 -0.0366691 0.999294 1.65035
0.999839 -0.00801583 0.0160713 211.632 0.00757238 0.999594 0.0274662 -66.4384 -0.0162849 -0.0273401 0.999494 1.64993
0.999826 -0.00693698 0.0173054 212.274 0.00642776 0.99955 0.0293098 -66.4271 -0.017501 -0.0291934 0.999421 1.64186
0.999719 -0.00798512 0.0223197 213.572 0.00730613 0.999513 0.0303387 -66.4006 -0.0225511 -0.0301671 0.99929 1.63095
0.999801 -0.00838016 0.0180929 214.868 0.0076265 0.999116 0.0413293 -66.3817 -0.0184232 -0.0411831 0.998982 1.60353
0.999936 -0.0113021 0.00108988 216.163 0.011246 0.999044 0.0422381 -66.3589 -0.00156622 -0.0422231 0.999107 1.59422
0.999824 -0.0184587 0.00340353 217.524 0.0183076 0.999028 0.0400905 -66.3308 -0.00414024 -0.0400211 0.99919 1.60855
0.999184 -0.0280965 0.0290186 218.906 0.0268936 0.998795 0.0410428 -66.2851 -0.0301368 -0.0402289 0.998736 1.5824
0.99885 -0.0371167 0.0303387 220.948 0.0359283 0.9986 0.0388202 -66.2096 -0.0317371 -0.0376856 0.998786 1.54001
0.998948 -0.0405996 0.0213262 221.635 0.0398428 0.9986 0.0347849 -66.176 -0.0227086 -0.0338987 0.999167 1.52549
0.998626 -0.0450554 0.0267691 223.748 0.0447251 0.998917 0.0128128 -66.1216 -0.0273174 -0.0115979 0.99956 1.48604
0.998513 -0.0472467 0.0271856 225.149 0.0471017 0.998872 0.00594954 -66.0539 -0.027436 -0.00466021 0.999613 1.4737
0.99856 -0.0486855 0.0225138 226.551 0.048869 0.998776 -0.00767378 -66.0022 -0.0221126 0.00876296 0.999717 1.44887
0.998292 -0.0502086 0.0298718 227.946 0.0504965 0.998684 -0.00896531 -65.9357 -0.0293823 0.0104584 0.999514 1.42914
0.998166 -0.0510598 0.032524 228.629 0.0514263 0.998621 -0.0105333 -65.9064 -0.0319413 0.0121865 0.999415 1.41608
0.998385 -0.0513875 0.0242125 229.993 0.0518196 0.998502 -0.0175676 -65.8441 -0.0232734 0.0187939 0.999552 1.4054
0.998638 -0.0512396 0.00984555 231.332 0.0513856 0.998563 -0.0151973 -65.7663 -0.0090527 0.0156825 0.999836 1.39723
0.998565 -0.0510981 0.0160247 232.671 0.0512764 0.998625 -0.0109201 -65.6858 -0.0154447 0.0117262 0.999812 1.37894
0.998219 -0.052047 0.0291664 233.964 0.0524407 0.998541 -0.0129002 -65.6249 -0.0284524 0.0144067 0.999491 1.3773
0.997878 -0.0548714 0.0350603 235.18 0.0554027 0.998361 -0.0143663 -65.5526 -0.0342145 0.0162783 0.999282 1.35159
0.997634 -0.0591021 0.0351318 235.755 0.0598769 0.997976 -0.0214269 -65.5195 -0.0337943 0.0234798 0.999153 1.3437
0.996589 -0.0767541 0.0303221 236.862 0.0776221 0.996574 -0.0285649 -65.4276 -0.0280257 0.0308212 0.999132 1.33332
0.995553 -0.0902936 0.0268656 237.395 0.0910765 0.995407 -0.0295047 -65.3632 -0.0240782 0.0318203 0.999204 1.32683
0.98768 -0.153784 0.0289684 238.932 0.154652 0.987496 -0.0305821 -65.09 -0.0239032 0.0346853 0.999112 1.30739
0.982965 -0.181015 0.0318355 239.422 0.181998 0.982801 -0.0312822 -64.9693 -0.0256254 0.0365433 0.999003 1.29607
0.976635 -0.212394 0.0327624 239.914 0.213456 0.976385 -0.0332861 -64.8368 -0.024919 0.0395017 0.998909 1.29714
0.957583 -0.286975 0.0260853 240.832 0.287667 0.957309 -0.028399 -64.4962 -0.0168219 0.0346982 0.999256 1.30469
0.927342 -0.373707 0.0194951 241.699 0.374066 0.927183 -0.0201414 -64.0915 -0.0105485 0.0259705 0.999607 1.30539
0.883776 -0.467849 0.00754905 242.489 0.467845 0.883807 0.00245802 -63.6018 -0.00782189 0.00135944 0.999968 1.32151
0.856775 -0.515688 0.0017706 242.849 0.515622 0.85671 0.0134774 -63.3141 -0.00846703 -0.0106341 0.999908 1.31646
0.791253 -0.61146 -0.00599418 243.493 0.611353 0.790831 0.0288745 -62.7124 -0.0129152 -0.0265116 0.999565 1.29508
0.71481 -0.699316 -0.00179764 244.074 0.69862 0.713979 0.0465228 -62.0724 -0.0312507 -0.0345109 0.998916 1.26413
0.630711 -0.776017 0.000458026 244.573 0.774228 0.629297 0.0675096 -61.3757 -0.0526768 -0.0422244 0.997719 1.23676
0.586175 -0.810185 0.000183204 244.795 0.808095 0.584679 0.0716505 -61.0129 -0.0581573 -0.0418517 0.99743 1.23022
0.489722 -0.871877 0.00168315 245.159 0.8696 0.48858 0.0713125 -60.2709 -0.0629981 -0.0334596 0.997453 1.17773
0.384766 -0.922987 0.00712521 245.446 0.921283 0.384505 0.0582506 -59.5024 -0.0565042 -0.0158485 0.998277 1.14002
0.229628 -0.973278 0.00111862 245.728 0.972033 0.229392 0.0503201 -58.2457 -0.049232 -0.0104676 0.998733 1.07861
0.138869 -0.99031 0.00139274 245.837 0.989082 0.138766 0.0496143 -57.3369 -0.0493268 -0.00551235 0.998767 1.03265
0.0627142 -0.998031 -0.000111321 245.882 0.996931 0.0626397 0.0469572 -56.406 -0.0468578 -0.00305586 0.998897 0.998384
0.00828975 -0.999957 -0.00411718 245.851 0.999099 0.00811112 0.0416587 -55.399 -0.0416235 -0.00445882 0.999123 0.955821
-0.047762 -0.998792 -0.0115807 245.738 0.998126 -0.0481679 0.0377465 -53.8158 -0.0382587 -0.00975616 0.99922 0.89921
-0.0655425 -0.997736 -0.0150818 245.668 0.997253 -0.0660185 0.0335902 -52.6957 -0.0345099 -0.0128388 0.999322 0.857869
-0.0707824 -0.997372 -0.0154749 245.554 0.996893 -0.0712689 0.0335418 -51.4756 -0.0345565 -0.0130526 0.999318 0.817124
-0.0720121 -0.997291 -0.0150219 245.459 0.996774 -0.0724934 0.0344353 -50.1772 -0.035431 -0.0124937 0.999294 0.772692
-0.0706853 -0.99743 -0.0117224 245.351 0.99694 -0.0710342 0.0326417 -48.8012 -0.0333905 -0.00937919 0.999398 0.725763
-0.0674555 -0.997661 -0.0110963 245.193 0.997299 -0.0677465 0.0283587 -46.5836 -0.0290441 -0.00915341 0.999536 0.655509
-0.0653281 -0.997809 -0.0104877 245.09 0.997426 -0.0656071 0.0289285 -44.9911 -0.0295532 -0.00857083 0.999526 0.604908
-0.0619608 -0.998068 -0.00454545 244.988 0.99763 -0.0620688 0.0296845 -43.3325 -0.0299093 -0.0026954 0.999549 0.55528
-0.0597711 -0.998204 -0.00407248 244.874 0.997673 -0.0598723 0.0326098 -41.5938 -0.032795 -0.00211388 0.99946 0.500453
-0.0577942 -0.998328 -0.000957435 244.774 0.997464 -0.0577841 0.0415476 -39.8193 -0.0415335 0.00144621 0.999136 0.444391
-0.0585301 -0.998285 0.000624014 244.658 0.997504 -0.0584595 0.039596 -38.047 -0.0394916 0.00294001 0.999216 0.390793
-0.0615443 -0.998099 0.00319686 244.543 0.997495 -0.0613945 0.035142 -36.2688 -0.034879 0.00535164 0.999377 0.340301
-0.0668195 -0.997749 0.00573487 244.43 0.996765 -0.0664941 0.0451487 -34.4827 -0.0446657 0.00873313 0.998964 0.278137
-0.0725009 -0.997307 0.0110989 244.301 0.996155 -0.0718596 0.0501095 -32.7241 -0.049177 0.0146893 0.998682 0.223881
-0.080795 -0.996678 0.0102058 244.086 0.995787 -0.080269 0.0443239 -30.1121 -0.0433574 0.0137439 0.998965 0.135356
-0.0837343 -0.996465 0.00685978 243.922 0.995618 -0.0833715 0.042354 -28.3781 -0.0416323 0.0103762 0.999079 0.0864763
-0.0848864 -0.996391 0.000268539 243.747 0.99574 -0.0848212 0.0361598 -26.6619 -0.0360065 0.00333687 0.999346 0.0406145
-0.0823694 -0.996595 -0.00378474 243.584 0.995987 -0.0824515 0.0348182 -24.9392 -0.0350116 -0.000901597 0.999386 -0.00407075
-0.0784336 -0.996916 -0.0026622 243.441 0.996281 -0.0784786 0.0355793 -23.2328 -0.0356785 0.000138313 0.999363 -0.0450795
-0.0747111 -0.997204 0.0016624 243.321 0.996474 -0.0745925 0.0384022 -21.5437 -0.0381708 0.00452561 0.999261 -0.0942487
-0.0709357 -0.997445 0.00850221 243.202 0.996782 -0.0705644 0.0380335 -19.876 -0.0373363 0.0111728 0.99924 -0.123789
-0.068372 -0.997596 0.011328 243.08 0.996964 -0.0678959 0.0381165 -18.2015 -0.0372558 0.0138997 0.999209 -0.16399
-0.0688505 -0.997597 0.00772848 242.954 0.996623 -0.0684317 0.0453797 -16.5462 -0.0447417 0.0108268 0.99894 -0.20791
-0.0726632 -0.997296 0.0110234 242.828 0.996316 -0.0720783 0.0464628 -14.9156 -0.0455426 0.0143589 0.998859 -0.265928
-0.079258 -0.996812 0.00920419 242.701 0.996081 -0.0788294 0.0401127 -13.2973 -0.0392592 0.0123474 0.999153 -0.313032
-0.0881453 -0.996094 0.00527479 242.544 0.995417 -0.0878859 0.0376871 -11.6899 -0.0370763 0.00857256 0.999276 -0.352102
-0.0973468 -0.99525 0.000586117 242.375 0.994484 -0.0972487 0.0393016 -10.0806 -0.0390579 0.00440877 0.999227 -0.391235
-0.105647 -0.994385 -0.00616379 242.188 0.993484 -0.105814 0.0423398 -8.49706 -0.0427543 -0.00165054 0.999084 -0.438432
-0.110812 -0.993758 -0.0128621 241.986 0.99294 -0.111253 0.041148 -6.94646 -0.0423221 -0.00821159 0.99907 -0.479148
-0.112774 -0.993402 -0.0208246 241.784 0.992724 -0.113538 0.0401066 -5.42666 -0.0422064 -0.0161501 0.998978 -0.534866
-0.113136 -0.993261 -0.0251526 241.602 0.992658 -0.114085 0.0401955 -3.96387 -0.0427942 -0.0204204 0.998875 -0.581285
-0.111752 -0.993291 -0.0297488 241.418 0.992778 -0.112909 0.0405517 -2.56621 -0.0436385 -0.0250022 0.998734 -0.624362
-0.107889 -0.993607 -0.0332346 241.248 0.993124 -0.109244 0.0420753 -1.20744 -0.045437 -0.0284667 0.998562 -0.661565
-0.102062 -0.994162 -0.0349914 241.101 0.993758 -0.103487 0.0416675 0.0792549 -0.0450454 -0.0305203 0.998519 -0.694785
-0.0962129 -0.994827 -0.0325833 240.977 0.994424 -0.097491 0.040217 1.32065 -0.0431856 -0.0285322 0.99866 -0.732614
-0.0857915 -0.995872 -0.029632 240.807 0.995333 -0.086988 0.0417722 3.07828 -0.0441775 -0.02591 0.998688 -0.785898
-0.0770144 -0.996616 -0.0287224 240.713 0.996064 -0.0781759 0.0417822 4.1448 -0.0438862 -0.0253915 0.998714 -0.816345
-0.0680567 -0.997315 -0.027042 240.638 0.996672 -0.0691819 0.0431139 5.16393 -0.0448689 -0.0240178 0.998704 -0.85129
-0.0593556 -0.997875 -0.0268905 240.584 0.997145 -0.060529 0.0451502 6.10644 -0.0466819 -0.0241338 0.998618 -0.873917
-0.0438442 -0.99869 -0.0263667 240.515 0.997801 -0.0450877 0.0485754 7.39351 -0.0497006 -0.024179 0.998471 -0.915812
-0.0259758 -0.999428 -0.0216515 240.492 0.998469 -0.0269966 0.0482684 8.53476 -0.0488253 -0.0203646 0.9986 -0.955135
-0.00954437 -0.999766 -0.0194118 240.484 0.998851 -0.0104438 0.0467738 9.49505 -0.0469656 -0.018943 0.998717 -0.979008
-0.000870824 -0.999812 -0.0193887 240.484 0.99889 -0.00178277 0.0470633 10.0204 -0.047089 -0.0193262 0.998704 -1.00272
0.00614864 -0.999856 -0.0158035 240.499 0.999187 0.00551325 0.0399396 10.447 -0.0398468 -0.0160362 0.999077 -1.01592
0.0125436 -0.999821 -0.0141966 240.51 0.999178 0.0119857 0.038722 10.8748 -0.0385449 -0.0146706 0.999149 -1.01803
0.0143768 -0.999806 -0.0134607 240.511 0.999269 0.0138895 0.0356198 11.0489 -0.0354259 -0.013963 0.999275 -1.02766
0.0152661 -0.99979 -0.0136438 240.515 0.999322 0.014799 0.0337087 11.2115 -0.0334998 -0.0141491 0.999339 -1.03017
0.0154765 -0.999789 -0.0135477 240.516 0.999325 0.0150151 0.0335237 11.2612 -0.0333132 -0.0140573 0.999346 -1.03094
0.0156376 -0.999785 -0.0135911 240.515 0.999338 0.0151811 0.0330636 11.2669 -0.0328502 -0.0140991 0.999361 -1.03399
0.0155227 -0.999779 -0.0141735 240.512 0.999446 0.0150969 0.0296636 11.2646 -0.0294431 -0.0146261 0.999459 -1.02848
0.0155516 -0.999786 -0.0136321 240.519 0.999447 0.0151427 0.0295953 11.2676 -0.0293826 -0.0140848 0.999469 -1.03586
0.0155829 -0.999783 -0.0138511 240.522 0.999474 0.0151812 0.0286497 11.2809 -0.0284332 -0.0142902 0.999494 -1.03454
0.0156489 -0.999785 -0.013585 240.524 0.999476 0.015256 0.0285536 11.3317 -0.0283402 -0.0140247 0.9995 -1.03553
0.0162248 -0.999775 -0.0136833 240.523 0.999563 0.0158802 0.0249302 11.4362 -0.0247073 -0.0140818 0.999596 -1.04442
0.0203981 -0.999707 -0.0130691 240.529 0.999611 0.0201442 0.0192734 11.6659 -0.0190045 -0.0134572 0.999729 -1.05016
0.0293171 -0.999493 -0.012398 240.546 0.999441 0.0291118 0.0164223 11.903 -0.0160531 -0.0128725 0.999788 -1.05478
0.0586732 -0.998187 -0.013408 240.583 0.998181 0.0584758 0.0146699 12.4134 -0.0138593 -0.0142444 0.999802 -1.0681
0.109526 -0.993892 -0.013501 240.65 0.993804 0.109238 0.020494 13.0648 -0.018894 -0.015662 0.999699 -1.06903
0.155588 -0.98773 -0.0134946 240.749 0.987554 0.155213 0.0254298 13.5488 -0.0230233 -0.0172832 0.999586 -1.0821
0.212711 -0.977076 -0.00873032 240.878 0.976858 0.212442 0.0248538 14.0546 -0.0224293 -0.013815 0.999653 -1.09582
0.320562 -0.947215 0.00486618 241.201 0.946739 0.320558 0.0304677 14.8507 -0.0304193 -0.00515979 0.999524 -1.09937
0.407724 -0.91309 0.00535272 241.462 0.912284 0.407599 0.0400109 15.4286 -0.0387153 -0.0114302 0.999185 -1.11281
0.500933 -0.865469 0.00542703 241.816 0.864461 0.500636 0.0455152 15.9923 -0.042109 -0.0181086 0.998949 -1.1488
0.596607 -0.802417 0.0136836 242.258 0.801436 0.596596 0.0421109 16.5334 -0.041954 -0.0141572 0.999019 -1.16772
0.735315 -0.677685 0.00741362 243.075 0.677121 0.735077 0.034185 17.2718 -0.0286162 -0.0201168 0.999388 -1.19807
0.851461 -0.524288 0.0116673 244.166 0.523724 0.851268 0.0325001 17.9511 -0.0269714 -0.0215621 0.999404 -1.25283
0.928814 -0.370124 0.0176609 245.496 0.369677 0.928846 0.0241919 18.4918 -0.0253582 -0.0159409 0.999551 -1.26901
0.972012 -0.234587 0.0127294 247.043 0.234256 0.971899 0.0231385 18.9233 -0.0177997 -0.019509 0.999651 -1.30956
0.990238 -0.138388 0.0166791 248.783 0.138045 0.99022 0.0202053 19.2112 -0.0193122 -0.0177055 0.999657 -1.32995
0.994837 -0.0998372 0.0182208 250.035 0.0995414 0.994897 0.01648 19.346 -0.0197731 -0.0145812 0.999698 -1.34621
0.997448 -0.0692251 0.0174553 252.01 0.0689638 0.997504 0.015151 19.5066 -0.0184606 -0.0139085 0.999733 -1.38525
0.998355 -0.0549862 0.0162629 254.11 0.0547616 0.998402 0.0139449 19.6481 -0.0170037 -0.0130314 0.999771 -1.41611
0.998467 -0.0508811 0.0217869 256.383 0.0506045 0.998633 0.013063 19.7791 -0.0224218 -0.0119405 0.999677 -1.45679
0.998343 -0.0544246 0.0186917 258.776 0.0543078 0.998502 0.00670412 19.9169 -0.0190286 -0.0056779 0.999803 -1.50233
0.998337 -0.056898 0.00922751 260.439 0.0567953 0.998325 0.0110331 20.0114 -0.00983982 -0.0104907 0.999897 -1.51712
0.998104 -0.0571278 0.0228995 263.054 0.0567103 0.99822 0.0184848 20.1732 -0.0239147 -0.0171512 0.999567 -1.55866
0.997956 -0.0573289 0.0282346 264.861 0.0570749 0.998323 0.00972171 20.2727 -0.0287445 -0.00809035 0.999554 -1.58486
0.998092 -0.0598418 0.0151779 266.685 0.0597606 0.998196 0.00574945 20.3758 -0.0154945 -0.00483144 0.999868 -1.61711
0.998033 -0.0619966 0.0093206 268.576 0.0619358 0.998058 0.00667513 20.4898 -0.00971634 -0.00608472 0.999934 -1.63705
0.997759 -0.062946 0.0227076 271.511 0.0626604 0.997949 0.0130792 20.6945 -0.0234843 -0.011627 0.999657 -1.67211
0.997715 -0.0622293 0.0263265 273.515 0.0620052 0.998033 0.00924308 20.8168 -0.0268499 -0.00758958 0.999611 -1.70631
0.997831 -0.0633568 0.0178653 276.565 0.0632526 0.997977 0.00634099 21.0035 -0.0182309 -0.00519721 0.99982 -1.75858
0.997441 -0.0674117 0.0238173 279.707 0.0672866 0.997716 0.00601936 21.2243 -0.0241687 -0.00440137 0.999698 -1.80228
0.997309 -0.0709417 0.0185062 281.799 0.0709844 0.997476 -0.00165834 21.3704 -0.0183418 0.00296753 0.999827 -1.82658
0.997037 -0.0757744 0.0132836 284.958 0.0757024 0.997113 0.00583984 21.6264 -0.0136878 -0.00481693 0.999895 -1.84008
0.996665 -0.0788495 0.0210053 287.078 0.0786735 0.996859 0.00907805 21.7992 -0.0216552 -0.00739521 0.999738 -1.86276
0.996355 -0.0813712 0.0255892 290.229 0.0810967 0.996639 0.0115901 22.0656 -0.0264463 -0.00947265 0.999605 -1.90107
0.996464 -0.0813236 0.0211318 292.306 0.081129 0.996654 0.00991251 22.2441 -0.0218672 -0.00816306 0.999728 -1.92581
0.996534 -0.0816921 0.0156967 294.381 0.0815279 0.996612 0.0108314 22.4213 -0.0165284 -0.00951418 0.999818 -1.94232
0.996542 -0.080405 0.0209772 297.474 0.0800898 0.996668 0.0154565 22.6973 -0.0221501 -0.013723 0.99966 -1.96724
0.996504 -0.0797822 0.0248077 299.53 0.0792246 0.996598 0.0227032 22.8748 -0.0265346 -0.0206584 0.999434 -1.99329
0.996397 -0.0791235 0.0305479 301.581 0.0784407 0.996655 0.0229393 23.0503 -0.0322608 -0.0204605 0.99927 -2.03325
0.996678 -0.0784839 0.0217599 303.608 0.0778979 0.996607 0.0265872 23.2295 -0.0237728 -0.0248038 0.99941 -2.06597
0.996818 -0.0777564 0.0175478 305.643 0.0771659 0.9965 0.0321356 23.4133 -0.0199851 -0.0306792 0.999329 -2.09966
0.996855 -0.0773985 0.0170049 307.696 0.0767373 0.996379 0.0366001 23.5889 -0.0197761 -0.0351801 0.999185 -2.12395
0.996695 -0.0782077 0.0219536 310.779 0.0773733 0.996331 0.0365834 23.8391 -0.0247342 -0.0347639 0.999089 -2.16231
0.996786 -0.0770352 0.0219935 312.837 0.0761691 0.996377 0.0378216 24.0117 -0.0248275 -0.0360248 0.999042 -2.19186
0.996915 -0.0753203 0.0220796 314.913 0.074435 0.996482 0.0384981 24.179 -0.0249016 -0.0367359 0.999015 -2.22127
